# TargetP-2.0	Organism: Non-Plant	Timestamp: 20200427161022
# ID	Prediction	noTP	SP	mTP	CS Position
PNP39995.1	noTP	0.999926	0.000001	0.000073	
PNP39996.1	noTP	0.516682	0.000313	0.483006	
PNP39997.1	noTP	0.709318	0.271097	0.019585	
PNP39998.1	noTP	0.631194	0.262054	0.106752	
PNP40157.1	noTP	0.992006	0.000150	0.007843	
PNP40158.1	noTP	0.983043	0.005359	0.011598	
PNP40159.1	noTP	0.999982	0.000016	0.000002	
PNP40160.1	noTP	0.952491	0.014929	0.032581	
PNP40161.1	noTP	0.586197	0.208229	0.205574	
PNP40162.1	noTP	0.998680	0.001240	0.000081	
PNP40163.1	noTP	0.998423	0.000321	0.001256	
PNP40164.1	mTP	0.450601	0.033843	0.515556	CS pos: 32-33. TAL-AQ. Pr: 0.1637
PNP40165.1	noTP	0.997606	0.000089	0.002305	
PNP40166.1	noTP	0.999702	0.000028	0.000270	
PNP40167.1	noTP	0.999988	0.000002	0.000009	
PNP40316.1	noTP	0.999933	0.000013	0.000054	
PNP40317.1	noTP	0.998245	0.000730	0.001025	
PNP40318.1	noTP	0.999994	0.000005	0.000000	
PNP40319.1	noTP	0.996006	0.000052	0.003942	
PNP40320.1	noTP	0.998795	0.000033	0.001173	
PNP40444.1	noTP	0.999999	0.000001	0.000000	
PNP40445.1	noTP	0.999997	0.000002	0.000001	
PNP40446.1	noTP	0.999991	0.000009	0.000000	
PNP40447.1	noTP	0.995136	0.000052	0.004811	
PNP40649.1	noTP	0.996648	0.002854	0.000498	
PNP40650.1	noTP	0.999977	0.000018	0.000005	
PNP40651.1	noTP	0.999960	0.000037	0.000003	
PNP40735.1	noTP	0.999940	0.000057	0.000003	
PNP40736.1	noTP	0.922063	0.075182	0.002755	
PNP40737.1	noTP	0.999960	0.000021	0.000019	
PNP40916.1	noTP	1.000000	0.000000	0.000000	
PNP40917.1	SP	0.002718	0.997179	0.000103	CS pos: 18-19. GYA-CG. Pr: 0.7550
PNP40918.1	noTP	0.999654	0.000220	0.000126	
PNP40919.1	SP	0.001733	0.998254	0.000013	CS pos: 19-20. VLG-AD. Pr: 0.7880
PNP40920.1	noTP	0.773161	0.057288	0.169551	
PNP40921.1	SP	0.000025	0.999968	0.000007	CS pos: 17-18. ALA-AP. Pr: 0.7919
PNP41305.1	noTP	0.990793	0.005577	0.003630	
PNP41306.1	noTP	0.999923	0.000066	0.000011	
PNP41307.1	noTP	0.998910	0.000568	0.000523	
PNP41308.1	noTP	0.979659	0.015383	0.004958	
PNP41309.1	noTP	0.973464	0.001892	0.024644	
PNP41310.1	noTP	0.999575	0.000414	0.000011	
PNP41311.1	noTP	0.945000	0.052236	0.002764	
PNP41312.1	noTP	0.591903	0.005460	0.402637	
PNP41460.1	noTP	0.999858	0.000030	0.000113	
PNP41676.1	noTP	0.999962	0.000034	0.000003	
PNP41677.1	noTP	0.983844	0.000894	0.015262	
PNP41678.1	noTP	0.999098	0.000685	0.000217	
PNP41679.1	noTP	0.999236	0.000652	0.000112	
PNP41680.1	SP	0.002379	0.997522	0.000098	CS pos: 19-20. VNA-TG. Pr: 0.8831
PNP41681.1	noTP	0.999957	0.000041	0.000002	
PNP41879.1	noTP	0.999596	0.000324	0.000080	
PNP42039.1	SP	0.000020	0.999976	0.000004	CS pos: 19-20. VLA-AP. Pr: 0.8690
PNP42040.1	noTP	0.999045	0.000369	0.000586	
PNP42041.1	noTP	0.984469	0.014237	0.001294	
PNP42042.1	SP	0.008612	0.963561	0.027828	CS pos: 19-20. LNG-RL. Pr: 0.3058
PNP42043.1	noTP	0.971048	0.019750	0.009202	
PNP42044.1	noTP	0.983988	0.012809	0.003203	
PNP42045.1	noTP	0.999894	0.000072	0.000034	
PNP42046.1	SP	0.000210	0.999194	0.000596	CS pos: 20-21. CRS-VI. Pr: 0.6639
PNP42047.1	noTP	0.997794	0.000949	0.001257	
PNP42048.1	noTP	0.949874	0.000483	0.049642	
PNP42049.1	noTP	0.982445	0.015629	0.001927	
PNP42050.1	noTP	0.994017	0.001239	0.004744	
PNP42051.1	noTP	0.993598	0.006352	0.000051	
PNP42052.1	noTP	0.994053	0.005887	0.000060	
PNP42053.1	noTP	0.994979	0.004059	0.000962	
PNP42054.1	noTP	0.934851	0.029583	0.035566	
PNP42055.1	SP	0.008052	0.988436	0.003512	CS pos: 20-21. VAA-GP. Pr: 0.8016
PNP42056.1	SP	0.051962	0.919771	0.028266	CS pos: 26-27. ASS-VT. Pr: 0.4341
PNP42057.1	noTP	0.998205	0.001448	0.000347	
PNP42058.1	noTP	0.944858	0.054773	0.000368	
PNP42059.1	SP	0.162278	0.825867	0.011855	CS pos: 17-18. AIA-IR. Pr: 0.3665
PNP42060.1	noTP	0.994239	0.002251	0.003510	
PNP42061.1	noTP	0.999768	0.000232	0.000000	
PNP42375.1	noTP	0.991322	0.002411	0.006267	
PNP42376.1	SP	0.000133	0.999865	0.000002	CS pos: 20-21. VLA-NT. Pr: 0.9316
PNP42377.1	mTP	0.426422	0.000474	0.573104	CS pos: 44-45. KAL-AT. Pr: 0.2078
PNP42378.1	noTP	0.999996	0.000004	0.000000	
PNP42379.1	noTP	0.999962	0.000028	0.000011	
PNP42380.1	noTP	0.959234	0.006708	0.034059	
PNP42381.1	noTP	0.943196	0.046501	0.010303	
PNP42382.1	noTP	0.999351	0.000376	0.000273	
PNP42383.1	noTP	0.999982	0.000010	0.000009	
PNP42384.1	noTP	0.999986	0.000012	0.000002	
PNP42385.1	noTP	0.978839	0.005458	0.015703	
PNP42386.1	noTP	0.999925	0.000046	0.000030	
PNP42387.1	noTP	0.838679	0.000119	0.161202	
PNP42388.1	noTP	0.999981	0.000017	0.000002	
PNP42389.1	noTP	0.998900	0.000090	0.001010	
PNP42390.1	noTP	0.995129	0.000058	0.004813	
PNP42391.1	mTP	0.001513	0.000022	0.998465	CS pos: 29-30. RRF-AS. Pr: 0.8206
PNP42392.1	noTP	0.989596	0.000162	0.010242	
PNP42393.1	noTP	0.807926	0.000254	0.191821	
PNP42394.1	noTP	0.999968	0.000004	0.000028	
PNP42395.1	noTP	0.985335	0.014651	0.000013	
PNP42396.1	noTP	0.999996	0.000003	0.000001	
PNP42397.1	noTP	0.953367	0.046535	0.000098	
PNP42398.1	noTP	0.992513	0.007242	0.000245	
PNP42399.1	SP	0.011657	0.980976	0.007367	CS pos: 18-19. VIA-VP. Pr: 0.8882
PNP42995.1	noTP	0.996422	0.002088	0.001491	
PNP42996.1	noTP	0.981378	0.006997	0.011625	
PNP42997.1	noTP	0.998340	0.000322	0.001338	
PNP42998.1	noTP	0.905127	0.067839	0.027033	
PNP42999.1	noTP	0.999159	0.000230	0.000611	
PNP43000.1	noTP	0.999993	0.000004	0.000003	
PNP43001.1	SP	0.000031	0.999965	0.000005	CS pos: 20-21. ALS-AP. Pr: 0.4787
PNP43002.1	noTP	0.718912	0.281024	0.000064	
PNP43003.1	noTP	0.999989	0.000004	0.000006	
PNP43004.1	noTP	0.999970	0.000011	0.000019	
PNP43005.1	noTP	0.991912	0.006801	0.001286	
PNP43006.1	noTP	0.988004	0.002574	0.009422	
PNP43208.1	SP	0.006028	0.988626	0.005345	CS pos: 25-26. VQA-SH. Pr: 0.5871
PNP43209.1	noTP	0.999918	0.000060	0.000022	
PNP43210.1	noTP	0.999941	0.000057	0.000002	
PNP43211.1	noTP	0.810579	0.005753	0.183668	
PNP43212.1	noTP	0.999964	0.000012	0.000024	
PNP43213.1	noTP	0.999502	0.000389	0.000109	
PNP43214.1	noTP	0.999975	0.000025	0.000000	
PNP43215.1	noTP	0.999459	0.000504	0.000038	
PNP43216.1	noTP	0.999578	0.000081	0.000342	
PNP43217.1	noTP	0.945483	0.006000	0.048517	
PNP43218.1	SP	0.000152	0.999429	0.000419	CS pos: 18-19. ATA-AP. Pr: 0.8585
PNP43219.1	noTP	0.861513	0.001353	0.137134	
PNP43220.1	noTP	0.980309	0.019600	0.000092	
PNP43221.1	noTP	0.980096	0.017458	0.002446	
PNP43228.1	noTP	0.992702	0.002223	0.005075	
PNP43229.1	noTP	0.999978	0.000019	0.000004	
PNP43230.1	noTP	0.594013	0.048701	0.357286	
PNP43231.1	noTP	0.998901	0.000051	0.001048	
PNP43232.1	noTP	0.999950	0.000018	0.000033	
PNP43233.1	noTP	0.994659	0.000074	0.005267	
PNP43234.1	SP	0.056904	0.942789	0.000307	CS pos: 18-19. AKG-DP. Pr: 0.6051
PNP43235.1	noTP	0.988372	0.000614	0.011014	
PNP43236.1	noTP	0.999990	0.000003	0.000007	
PNP43237.1	noTP	0.999938	0.000005	0.000057	
PNP43238.1	noTP	0.999798	0.000080	0.000121	
PNP43239.1	noTP	0.999846	0.000034	0.000121	
PNP43240.1	noTP	0.996378	0.001264	0.002358	
PNP43241.1	SP	0.009677	0.983157	0.007166	CS pos: 21-22. AAA-LT. Pr: 0.4267
PNP43242.1	noTP	0.999594	0.000364	0.000042	
PNP43480.1	noTP	0.999948	0.000045	0.000007	
PNP43481.1	noTP	0.997704	0.000780	0.001516	
PNP43482.1	noTP	0.998902	0.000149	0.000949	
PNP43483.1	mTP	0.246935	0.000205	0.752861	CS pos: 30-31. PRW-QS. Pr: 0.3187
PNP43484.1	noTP	0.999850	0.000040	0.000110	
PNP43485.1	SP	0.003952	0.871717	0.124330	CS pos: 24-25. GSA-AP. Pr: 0.6987
PNP43486.1	SP	0.007729	0.992198	0.000073	CS pos: 15-16. AMA-AN. Pr: 0.6554
PNP43487.1	noTP	0.998813	0.000918	0.000269	
PNP43721.1	noTP	0.999894	0.000097	0.000009	
PNP43722.1	noTP	0.999994	0.000006	0.000001	
PNP43723.1	noTP	0.999411	0.000228	0.000361	
PNP43724.1	noTP	0.999695	0.000021	0.000284	
PNP43725.1	noTP	0.925424	0.042045	0.032531	
PNP43726.1	noTP	0.999956	0.000029	0.000015	
PNP43727.1	noTP	0.991717	0.001015	0.007269	
PNP44174.1	noTP	0.954366	0.011226	0.034408	
PNP44175.1	noTP	0.999651	0.000082	0.000267	
PNP44176.1	noTP	0.999937	0.000034	0.000029	
PNP44177.1	noTP	0.999972	0.000019	0.000009	
PNP44178.1	noTP	0.999219	0.000076	0.000705	
PNP44179.1	noTP	0.999981	0.000008	0.000011	
PNP44180.1	noTP	0.880937	0.118865	0.000198	
PNP44181.1	noTP	0.999958	0.000040	0.000002	
PNP44182.1	SP	0.346126	0.647978	0.005896	CS pos: 27-28. GSS-FP. Pr: 0.8191
PNP44183.1	noTP	0.933148	0.064433	0.002419	
PNP44184.1	noTP	0.999783	0.000076	0.000141	
PNP44185.1	SP	0.000787	0.999188	0.000025	CS pos: 21-22. VHA-AT. Pr: 0.9282
PNP44186.1	mTP	0.000170	0.000003	0.999828	CS pos: 30-31. RAA-AS. Pr: 0.3822
PNP44187.1	noTP	0.999994	0.000004	0.000002	
PNP44188.1	noTP	0.951751	0.005500	0.042749	
PNP44189.1	noTP	0.906826	0.091589	0.001585	
PNP44190.1	noTP	0.842678	0.047035	0.110287	
PNP44191.1	SP	0.000428	0.999144	0.000428	CS pos: 21-22. SAA-ID. Pr: 0.7325
PNP44192.1	noTP	0.890216	0.003273	0.106511	
PNP44193.1	mTP	0.000508	0.000028	0.999464	CS pos: 25-26. PRM-SS. Pr: 0.5456
PNP44194.1	noTP	1.000000	0.000000	0.000000	
PNP44195.1	noTP	0.993766	0.004855	0.001379	
PNP44196.1	noTP	0.999994	0.000001	0.000005	
PNP44197.1	SP	0.000251	0.999749	0.000000	CS pos: 33-34. VTA-AG. Pr: 0.7733
PNP44198.1	SP	0.003298	0.996691	0.000011	CS pos: 23-24. ADG-TA. Pr: 0.4314
PNP44199.1	noTP	0.995232	0.000328	0.004440	
PNP44200.1	noTP	0.995664	0.001526	0.002810	
PNP44201.1	noTP	0.924944	0.039493	0.035563	
PNP44202.1	noTP	0.977210	0.002964	0.019826	
PNP44203.1	noTP	0.990357	0.000683	0.008960	
PNP44204.1	noTP	0.999983	0.000012	0.000005	
PNP44205.1	noTP	0.999742	0.000010	0.000247	
PNP44206.1	noTP	0.999958	0.000006	0.000036	
PNP44207.1	noTP	0.999261	0.000293	0.000445	
PNP44208.1	noTP	0.999978	0.000021	0.000000	
PNP44209.1	noTP	0.999997	0.000002	0.000001	
PNP44210.1	noTP	0.994680	0.000385	0.004935	
PNP44211.1	noTP	0.996778	0.003141	0.000080	
PNP44212.1	noTP	0.999875	0.000107	0.000018	
PNP44213.1	noTP	0.960442	0.028979	0.010578	
PNP44214.1	noTP	0.992017	0.000036	0.007947	
PNP44215.1	SP	0.438975	0.452930	0.108095	CS pos: 20-21. GSA-IF. Pr: 0.6006
PNP44216.1	noTP	0.999998	0.000002	0.000001	
PNP44217.1	noTP	0.993946	0.005829	0.000224	
PNP44218.1	noTP	0.999370	0.000566	0.000063	
PNP44219.1	noTP	0.998195	0.000731	0.001075	
PNP44403.1	SP	0.000208	0.995102	0.004690	CS pos: 17-18. ALA-SP. Pr: 0.7471
PNP44404.1	noTP	0.999901	0.000086	0.000013	
PNP44405.1	noTP	0.999027	0.000905	0.000068	
PNP44406.1	noTP	0.999932	0.000019	0.000049	
PNP44407.1	noTP	0.999282	0.000602	0.000116	
PNP44408.1	noTP	0.932885	0.000434	0.066681	
PNP44409.1	mTP	0.008752	0.000060	0.991188	CS pos: 27-28. VRY-TS. Pr: 0.4705
PNP44410.1	noTP	0.999754	0.000011	0.000235	
PNP44411.1	noTP	0.998556	0.000387	0.001057	
PNP44412.1	noTP	0.999826	0.000156	0.000018	
PNP44413.1	noTP	0.999537	0.000367	0.000097	
PNP44414.1	noTP	0.999389	0.000161	0.000450	
PNP44428.1	noTP	0.999251	0.000699	0.000051	
PNP44429.1	noTP	0.999828	0.000070	0.000102	
PNP44430.1	SP	0.032752	0.964512	0.002736	CS pos: 22-23. AAA-SY. Pr: 0.4908
PNP44431.1	noTP	0.997940	0.000446	0.001613	
PNP44432.1	noTP	0.998189	0.000777	0.001034	
PNP44433.1	noTP	0.999732	0.000195	0.000073	
PNP44434.1	noTP	0.999976	0.000002	0.000022	
PNP44435.1	noTP	0.999744	0.000109	0.000147	
PNP44436.1	noTP	0.999312	0.000548	0.000140	
PNP44437.1	SP	0.003382	0.992277	0.004341	CS pos: 20-21. VLA-AP. Pr: 0.7417
PNP44438.1	noTP	0.999779	0.000084	0.000137	
PNP44439.1	noTP	0.999956	0.000019	0.000024	
PNP44440.1	noTP	0.997981	0.000719	0.001300	
PNP44466.1	SP	0.297593	0.700295	0.002112	CS pos: 19-20. SVS-TS. Pr: 0.4347
PNP44467.1	noTP	0.999926	0.000043	0.000032	
PNP44468.1	noTP	0.991391	0.001221	0.007388	
PNP44482.1	noTP	0.999841	0.000155	0.000005	
PNP44483.1	noTP	0.715634	0.283859	0.000507	
PNP44484.1	noTP	0.998044	0.001806	0.000149	
PNP44485.1	SP	0.000030	0.999970	0.000000	CS pos: 16-17. ALA-VP. Pr: 0.6901
PNP44486.1	noTP	0.999926	0.000060	0.000013	
PNP44487.1	noTP	0.999178	0.000195	0.000627	
PNP44488.1	noTP	0.999984	0.000014	0.000003	
PNP44489.1	SP	0.000100	0.999835	0.000065	CS pos: 19-20. TSA-TP. Pr: 0.7692
PNP44490.1	noTP	0.980270	0.001970	0.017761	
PNP44491.1	noTP	0.956222	0.043687	0.000091	
PNP44492.1	noTP	0.906632	0.091105	0.002262	
PNP44493.1	noTP	0.993887	0.004548	0.001565	
PNP44494.1	noTP	0.997823	0.001545	0.000632	
PNP44495.1	noTP	0.999907	0.000052	0.000041	
PNP44496.1	noTP	0.999219	0.000418	0.000362	
PNP44497.1	SP	0.000014	0.999983	0.000002	CS pos: 16-17. ALA-AT. Pr: 0.7371
PNP44498.1	noTP	0.999819	0.000134	0.000046	
PNP44641.1	noTP	0.999984	0.000000	0.000015	
PNP44642.1	noTP	0.939155	0.001915	0.058930	
PNP44643.1	noTP	0.998965	0.000707	0.000328	
PNP44644.1	noTP	0.999888	0.000102	0.000010	
PNP44819.1	noTP	0.714713	0.283528	0.001759	
PNP44820.1	noTP	0.999295	0.000277	0.000428	
PNP44821.1	noTP	0.994989	0.004199	0.000812	
PNP44822.1	noTP	0.999146	0.000148	0.000706	
PNP44823.1	noTP	0.999414	0.000466	0.000120	
PNP44824.1	noTP	0.998912	0.000910	0.000178	
PNP44825.1	noTP	0.994555	0.004709	0.000736	
PNP44826.1	noTP	0.999936	0.000053	0.000011	
PNP44827.1	noTP	0.999899	0.000097	0.000004	
PNP44828.1	noTP	0.977552	0.016531	0.005917	
PNP44829.1	noTP	0.983749	0.000103	0.016148	
PNP44830.1	noTP	0.999847	0.000073	0.000079	
PNP44831.1	noTP	0.999554	0.000381	0.000066	
PNP45194.1	noTP	0.999514	0.000314	0.000172	
PNP45195.1	noTP	0.997656	0.000288	0.002056	
PNP45196.1	noTP	0.999763	0.000068	0.000169	
PNP45197.1	noTP	0.998946	0.000667	0.000387	
PNP45198.1	noTP	0.999831	0.000001	0.000168	
PNP45199.1	noTP	0.998563	0.000025	0.001413	
PNP45200.1	noTP	0.968064	0.000473	0.031462	
PNP45201.1	noTP	0.997869	0.002102	0.000029	
PNP45202.1	noTP	0.999493	0.000000	0.000506	
PNP45203.1	noTP	0.934498	0.000393	0.065109	
PNP45204.1	noTP	0.999908	0.000002	0.000090	
PNP45205.1	noTP	0.999988	0.000003	0.000008	
PNP45206.1	noTP	0.988819	0.004708	0.006473	
PNP45207.1	noTP	0.693606	0.302681	0.003713	
PNP45208.1	noTP	0.393454	0.337086	0.269461	
PNP45209.1	noTP	0.999846	0.000078	0.000076	
PNP45210.1	noTP	0.999785	0.000034	0.000181	
PNP45211.1	noTP	0.999813	0.000106	0.000081	
PNP45212.1	noTP	0.999994	0.000003	0.000002	
PNP45213.1	noTP	0.999999	0.000001	0.000000	
PNP45214.1	noTP	0.999946	0.000001	0.000053	
PNP45215.1	noTP	0.999807	0.000184	0.000009	
PNP45216.1	noTP	0.999783	0.000187	0.000031	
PNP45217.1	noTP	0.999739	0.000257	0.000005	
PNP45218.1	noTP	0.999906	0.000070	0.000024	
PNP45219.1	noTP	0.999969	0.000030	0.000001	
PNP45220.1	noTP	0.986211	0.012267	0.001522	
PNP45221.1	noTP	0.999996	0.000003	0.000000	
PNP45222.1	noTP	0.999813	0.000026	0.000161	
PNP45223.1	noTP	0.988277	0.000158	0.011566	
PNP45224.1	noTP	0.999987	0.000009	0.000004	
PNP45225.1	noTP	0.999995	0.000005	0.000000	
PNP45226.1	noTP	0.999988	0.000009	0.000003	
PNP45227.1	noTP	0.978425	0.000152	0.021424	
PNP45228.1	noTP	0.999999	0.000001	0.000000	
PNP45229.1	noTP	0.999919	0.000073	0.000008	
PNP45230.1	noTP	0.984149	0.010944	0.004907	
PNP45231.1	noTP	0.999820	0.000104	0.000076	
PNP45362.1	noTP	0.992150	0.005863	0.001986	
PNP45363.1	noTP	0.962344	0.007462	0.030193	
PNP45364.1	noTP	0.999777	0.000026	0.000197	
PNP45365.1	noTP	0.778389	0.081131	0.140480	
PNP45366.1	noTP	0.798078	0.185702	0.016221	
PNP45367.1	noTP	0.992182	0.007440	0.000378	
PNP45368.1	noTP	0.765770	0.233618	0.000612	
PNP45369.1	noTP	0.967209	0.020056	0.012735	
PNP45370.1	noTP	0.955680	0.000503	0.043817	
PNP45371.1	noTP	0.999969	0.000016	0.000014	
PNP45372.1	noTP	0.999997	0.000002	0.000001	
PNP45373.1	noTP	0.999623	0.000344	0.000033	
PNP45374.1	noTP	0.999956	0.000018	0.000026	
PNP45375.1	SP	0.039276	0.960399	0.000325	CS pos: 35-36. ADA-QQ. Pr: 0.9306
PNP45376.1	noTP	1.000000	0.000000	0.000000	
PNP45377.1	noTP	0.999997	0.000000	0.000003	
PNP45378.1	noTP	0.989602	0.006492	0.003906	
PNP45379.1	noTP	0.581700	0.404472	0.013828	
PNP45380.1	noTP	0.989185	0.002761	0.008054	
PNP45381.1	noTP	0.999272	0.000100	0.000627	
PNP45382.1	SP	0.004173	0.976629	0.019198	CS pos: 24-25. SQG-DV. Pr: 0.4507
PNP45383.1	noTP	0.900656	0.059011	0.040333	
PNP45384.1	noTP	0.999934	0.000059	0.000007	
PNP45385.1	noTP	0.999681	0.000148	0.000172	
PNP45386.1	SP	0.000314	0.999432	0.000254	CS pos: 17-18. VGG-VS. Pr: 0.5587
PNP45387.1	noTP	0.999637	0.000054	0.000309	
PNP45388.1	noTP	0.988430	0.001812	0.009757	
PNP45389.1	noTP	0.999823	0.000098	0.000079	
PNP45390.1	noTP	0.999974	0.000023	0.000003	
PNP45391.1	noTP	0.999992	0.000007	0.000001	
PNP45392.1	noTP	0.837862	0.005756	0.156381	
PNP45393.1	noTP	0.822371	0.153504	0.024126	
PNP45394.1	noTP	0.999957	0.000022	0.000021	
PNP45395.1	noTP	0.999864	0.000111	0.000025	
PNP45396.1	noTP	0.999297	0.000021	0.000682	
PNP45397.1	SP	0.000017	0.999962	0.000021	CS pos: 19-20. ASA-LP. Pr: 0.7622
PNP45398.1	noTP	0.978481	0.005760	0.015759	
PNP45399.1	noTP	0.999976	0.000021	0.000003	
PNP45400.1	noTP	0.998277	0.001008	0.000715	
PNP45401.1	noTP	0.879440	0.005802	0.114758	
PNP45402.1	noTP	0.999767	0.000019	0.000215	
PNP45403.1	noTP	0.999610	0.000259	0.000131	
PNP45404.1	noTP	0.999810	0.000177	0.000012	
PNP45405.1	noTP	0.997931	0.000423	0.001646	
PNP45406.1	noTP	0.999382	0.000301	0.000317	
PNP45407.1	noTP	0.999979	0.000019	0.000002	
PNP45408.1	noTP	0.979920	0.011134	0.008946	
PNP45409.1	noTP	0.999870	0.000082	0.000048	
PNP45410.1	SP	0.015023	0.746047	0.238931	CS pos: 18-19. AAA-LP. Pr: 0.4735
PNP45730.1	noTP	0.505929	0.493605	0.000466	
PNP45731.1	noTP	0.822749	0.005621	0.171631	
PNP45732.1	noTP	0.759642	0.123608	0.116749	
PNP45733.1	noTP	0.999976	0.000022	0.000002	
PNP45734.1	SP	0.000727	0.999093	0.000180	CS pos: 18-19. VSA-LP. Pr: 0.7048
PNP45735.1	noTP	0.999910	0.000047	0.000042	
PNP45736.1	noTP	0.999743	0.000068	0.000190	
PNP45737.1	noTP	0.998744	0.000496	0.000760	
PNP45738.1	noTP	0.996054	0.001921	0.002025	
PNP45739.1	noTP	0.996288	0.000807	0.002905	
PNP45740.1	noTP	0.999971	0.000027	0.000002	
PNP45741.1	SP	0.001005	0.998874	0.000121	CS pos: 18-19. ASA-LN. Pr: 0.8652
PNP45742.1	noTP	0.999266	0.000402	0.000332	
PNP45743.1	noTP	0.996921	0.000224	0.002855	
PNP45744.1	noTP	0.975008	0.007261	0.017731	
PNP45745.1	SP	0.000165	0.999814	0.000021	CS pos: 19-20. SWG-LP. Pr: 0.7463
PNP45746.1	noTP	0.879655	0.039402	0.080944	
PNP45747.1	noTP	1.000000	0.000000	0.000000	
PNP45748.1	noTP	0.999866	0.000104	0.000030	
PNP45749.1	SP	0.000001	0.999999	0.000000	CS pos: 23-24. AEA-AP. Pr: 0.5273
PNP45750.1	noTP	0.999993	0.000006	0.000001	
PNP45751.1	noTP	0.999996	0.000003	0.000001	
PNP45752.1	noTP	0.994883	0.005005	0.000112	
PNP45753.1	mTP	0.467792	0.002843	0.529365	CS pos: 50-51. ASY-AV. Pr: 0.2064
PNP45754.1	noTP	0.998838	0.000985	0.000177	
PNP45755.1	noTP	0.999940	0.000039	0.000022	
PNP45756.1	noTP	0.999728	0.000234	0.000038	
PNP45894.1	noTP	0.999965	0.000008	0.000027	
PNP45895.1	noTP	0.999945	0.000055	0.000001	
PNP45896.1	noTP	0.762453	0.232422	0.005125	
PNP45936.1	noTP	0.999817	0.000005	0.000177	
PNP45937.1	noTP	0.997311	0.001154	0.001535	
PNP45938.1	SP	0.000865	0.999118	0.000017	CS pos: 18-19. VSG-SQ. Pr: 0.7575
PNP45939.1	noTP	0.999470	0.000506	0.000025	
PNP45940.1	noTP	0.999984	0.000011	0.000005	
PNP45941.1	noTP	0.999931	0.000064	0.000005	
PNP45942.1	noTP	0.944268	0.054856	0.000876	
PNP45943.1	SP	0.240162	0.759762	0.000076	CS pos: 21-22. VNC-IK. Pr: 0.8602
PNP45944.1	noTP	0.955928	0.000301	0.043771	
PNP45945.1	noTP	0.999930	0.000058	0.000012	
PNP45946.1	noTP	0.999725	0.000126	0.000149	
PNP45947.1	noTP	0.999360	0.000602	0.000038	
PNP45948.1	noTP	0.998334	0.000738	0.000928	
PNP45949.1	noTP	0.999998	0.000001	0.000001	
PNP45950.1	noTP	0.998426	0.000599	0.000975	
PNP45951.1	noTP	0.997716	0.002223	0.000060	
PNP45961.1	noTP	0.995081	0.001395	0.003524	
PNP45962.1	noTP	0.871052	0.090384	0.038564	
PNP45963.1	noTP	0.999718	0.000094	0.000188	
PNP45964.1	mTP	0.245956	0.001336	0.752709	CS pos: 22-23. RIL-GG. Pr: 0.1460
PNP45965.1	noTP	0.903141	0.095028	0.001831	
PNP45966.1	noTP	0.999890	0.000002	0.000108	
PNP45967.1	mTP	0.000631	0.000001	0.999368	CS pos: 27-28. RRL-AT. Pr: 0.8777
PNP45968.1	noTP	0.999924	0.000062	0.000013	
PNP45969.1	noTP	0.957532	0.003843	0.038624	
PNP45970.1	noTP	0.999999	0.000000	0.000001	
PNP45971.1	noTP	0.986907	0.000245	0.012848	
PNP45972.1	noTP	0.999616	0.000303	0.000081	
PNP45973.1	noTP	0.999515	0.000209	0.000276	
PNP45974.1	noTP	0.903928	0.000195	0.095877	
PNP45975.1	noTP	0.999915	0.000022	0.000063	
PNP45976.1	noTP	0.999846	0.000043	0.000111	
PNP45977.1	noTP	0.996843	0.000161	0.002996	
PNP45978.1	noTP	0.776830	0.004685	0.218485	
PNP45979.1	noTP	0.777460	0.000696	0.221844	
PNP45980.1	noTP	0.999965	0.000010	0.000025	
PNP45981.1	noTP	0.999987	0.000004	0.000009	
PNP45982.1	noTP	0.999970	0.000008	0.000022	
PNP45983.1	noTP	0.999992	0.000007	0.000001	
PNP45984.1	noTP	0.999958	0.000023	0.000019	
PNP45985.1	noTP	0.993975	0.000582	0.005444	
PNP45986.1	noTP	0.999068	0.000345	0.000587	
PNP45987.1	SP	0.206664	0.784626	0.008710	CS pos: 27-28. VLA-DN. Pr: 0.8286
PNP45988.1	noTP	0.999987	0.000000	0.000013	
PNP45989.1	mTP	0.000303	0.000056	0.999640	CS pos: 29-30. RGF-AS. Pr: 0.8729
PNP45990.1	noTP	0.940571	0.057826	0.001603	
PNP45991.1	noTP	0.997827	0.000136	0.002037	
PNP45992.1	noTP	0.999367	0.000381	0.000252	
PNP45993.1	SP	0.000187	0.999794	0.000020	CS pos: 22-23. VLA-QD. Pr: 0.9122
PNP45994.1	noTP	0.999705	0.000132	0.000163	
PNP45995.1	noTP	0.999998	0.000000	0.000002	
PNP45996.1	noTP	0.999982	0.000011	0.000007	
PNP45997.1	noTP	0.999856	0.000108	0.000035	
PNP45998.1	noTP	0.999662	0.000202	0.000137	
PNP45999.1	noTP	0.999997	0.000003	0.000000	
PNP46000.1	noTP	0.999399	0.000443	0.000158	
PNP46001.1	noTP	0.999992	0.000002	0.000006	
PNP46002.1	noTP	0.999469	0.000485	0.000046	
PNP46003.1	noTP	0.999300	0.000229	0.000471	
PNP46004.1	noTP	0.997044	0.000873	0.002083	
PNP46005.1	SP	0.262221	0.474075	0.263704	CS pos: 24-25. VFS-AV. Pr: 0.6185
PNP46006.1	noTP	0.973120	0.017365	0.009516	
PNP46007.1	noTP	0.998874	0.000981	0.000145	
PNP46008.1	noTP	0.999996	0.000002	0.000002	
PNP46009.1	noTP	0.999687	0.000093	0.000220	
PNP46010.1	noTP	0.999152	0.000172	0.000677	
PNP46011.1	noTP	0.967315	0.011312	0.021373	
PNP46012.1	noTP	0.947355	0.003088	0.049557	
PNP46013.1	noTP	0.982523	0.013548	0.003929	
PNP46014.1	SP	0.022577	0.967572	0.009851	CS pos: 23-24. SHL-AT. Pr: 0.3352
PNP46015.1	noTP	0.999588	0.000261	0.000150	
PNP46016.1	noTP	0.999991	0.000004	0.000005	
PNP46017.1	noTP	0.999855	0.000137	0.000007	
PNP46411.1	SP	0.040058	0.959673	0.000269	CS pos: 26-27. VEA-QI. Pr: 0.9843
PNP46412.1	noTP	0.998711	0.000078	0.001211	
PNP46413.1	noTP	0.986038	0.008525	0.005436	
PNP46414.1	noTP	0.999935	0.000045	0.000020	
PNP46415.1	noTP	0.999968	0.000025	0.000008	
PNP46416.1	noTP	0.999969	0.000026	0.000004	
PNP46417.1	noTP	0.969199	0.003041	0.027761	
PNP46418.1	noTP	0.999642	0.000334	0.000024	
PNP46419.1	noTP	0.999966	0.000033	0.000001	
PNP46420.1	noTP	0.998218	0.001393	0.000389	
PNP46421.1	noTP	0.985159	0.000272	0.014569	
PNP46422.1	noTP	0.999333	0.000300	0.000367	
PNP46423.1	noTP	0.971541	0.003805	0.024654	
PNP46424.1	SP	0.000003	0.999997	0.000000	CS pos: 16-17. AAA-AP. Pr: 0.7158
PNP46425.1	noTP	0.998072	0.001438	0.000490	
PNP46426.1	noTP	0.992632	0.004540	0.002828	
PNP46427.1	noTP	0.990789	0.007379	0.001833	
PNP46428.1	noTP	0.996280	0.000305	0.003415	
PNP46429.1	noTP	0.999894	0.000086	0.000020	
PNP46430.1	noTP	0.999883	0.000095	0.000022	
PNP46431.1	noTP	0.999821	0.000140	0.000039	
PNP46432.1	noTP	0.995964	0.001030	0.003006	
PNP46433.1	noTP	0.999133	0.000843	0.000025	
PNP46434.1	noTP	0.999310	0.000063	0.000626	
PNP46435.1	noTP	0.995441	0.000678	0.003881	
PNP46436.1	noTP	0.999986	0.000013	0.000001	
PNP46437.1	noTP	0.801451	0.190605	0.007944	
PNP46438.1	noTP	0.999649	0.000337	0.000014	
PNP46439.1	noTP	0.999595	0.000094	0.000311	
PNP46440.1	mTP	0.458520	0.001947	0.539533	CS pos: 27-28. HAT-LS. Pr: 0.1118
PNP46441.1	noTP	0.909057	0.086541	0.004402	
PNP46442.1	noTP	0.999585	0.000152	0.000263	
PNP46443.1	SP	0.002296	0.995518	0.002186	CS pos: 17-18. AGA-VP. Pr: 0.5816
PNP46444.1	noTP	0.999953	0.000001	0.000046	
PNP46445.1	noTP	0.999745	0.000108	0.000147	
PNP46446.1	noTP	0.999803	0.000046	0.000151	
PNP46447.1	noTP	0.903310	0.000222	0.096468	
PNP46448.1	noTP	0.999543	0.000126	0.000331	
PNP46449.1	noTP	0.999112	0.000491	0.000396	
PNP46450.1	noTP	0.999847	0.000133	0.000019	
PNP46451.1	noTP	0.999887	0.000085	0.000028	
PNP46452.1	noTP	0.808845	0.166638	0.024517	
PNP46453.1	noTP	0.999752	0.000139	0.000109	
PNP46454.1	noTP	0.996505	0.001522	0.001973	
PNP46455.1	noTP	0.978714	0.021278	0.000007	
PNP46456.1	noTP	0.999174	0.000789	0.000037	
PNP46457.1	noTP	0.902073	0.091836	0.006090	
PNP46458.1	noTP	0.999989	0.000002	0.000009	
PNP46459.1	noTP	0.999924	0.000054	0.000021	
PNP46460.1	noTP	0.962037	0.036097	0.001866	
PNP46461.1	noTP	0.996414	0.000696	0.002890	
PNP46462.1	noTP	0.998521	0.000028	0.001451	
PNP46463.1	mTP	0.101803	0.000086	0.898111	CS pos: 28-29. RRL-AA. Pr: 0.2619
PNP46464.1	noTP	0.999985	0.000011	0.000004	
PNP46465.1	noTP	0.999641	0.000071	0.000288	
PNP46466.1	SP	0.000327	0.999236	0.000437	CS pos: 17-18. AAA-GP. Pr: 0.3908
PNP46467.1	noTP	0.999991	0.000005	0.000004	
PNP46468.1	noTP	0.992848	0.000280	0.006872	
PNP46469.1	noTP	0.999982	0.000015	0.000003	
PNP46470.1	noTP	0.999993	0.000006	0.000001	
PNP46471.1	noTP	0.971475	0.003030	0.025495	
PNP46472.1	noTP	0.999930	0.000070	0.000000	
PNP46473.1	noTP	0.995543	0.000029	0.004429	
PNP46474.1	noTP	0.999982	0.000016	0.000002	
PNP46475.1	noTP	0.999699	0.000160	0.000141	
PNP46476.1	noTP	0.999011	0.000053	0.000936	
PNP46477.1	noTP	0.996571	0.000463	0.002965	
PNP46478.1	noTP	0.996791	0.001026	0.002183	
PNP46479.1	noTP	0.956600	0.036167	0.007233	
PNP46480.1	noTP	0.999829	0.000132	0.000038	
PNP46481.1	noTP	0.995958	0.003185	0.000857	
PNP46482.1	noTP	0.955341	0.041926	0.002733	
PNP46483.1	noTP	0.896814	0.000122	0.103064	
PNP46484.1	noTP	0.999968	0.000006	0.000027	
PNP46485.1	noTP	0.998690	0.000553	0.000758	
PNP46486.1	noTP	0.986306	0.000203	0.013490	
PNP46487.1	noTP	0.999990	0.000008	0.000003	
PNP46488.1	noTP	0.578820	0.417733	0.003446	
PNP46489.1	noTP	0.950320	0.048829	0.000851	
PNP46490.1	noTP	0.985144	0.001685	0.013171	
PNP46491.1	noTP	0.999498	0.000063	0.000439	
PNP46492.1	noTP	0.999946	0.000005	0.000049	
PNP46493.1	noTP	0.999911	0.000065	0.000024	
PNP46494.1	noTP	0.999941	0.000040	0.000019	
PNP46495.1	noTP	0.999855	0.000021	0.000124	
PNP46496.1	noTP	0.993200	0.000947	0.005853	
PNP46497.1	noTP	0.999960	0.000019	0.000021	
PNP46498.1	mTP	0.031111	0.000504	0.968384	CS pos: 17-18. RRM-TV. Pr: 0.5960
PNP46595.1	noTP	0.958031	0.000909	0.041060	
PNP46596.1	noTP	0.999763	0.000016	0.000221	
PNP46597.1	noTP	0.999997	0.000001	0.000002	
PNP46598.1	noTP	0.996410	0.000936	0.002655	
PNP46599.1	noTP	0.805613	0.001108	0.193280	
PNP46600.1	noTP	0.993900	0.004147	0.001953	
PNP46601.1	noTP	0.999896	0.000101	0.000003	
PNP46602.1	SP	0.249315	0.728660	0.022025	CS pos: 23-24. IGA-IT. Pr: 0.6159
PNP46603.1	noTP	0.990337	0.004438	0.005225	
PNP46604.1	noTP	0.991826	0.004147	0.004027	
PNP46605.1	noTP	0.898444	0.015498	0.086058	
PNP46606.1	noTP	0.999988	0.000011	0.000001	
PNP46607.1	noTP	0.999987	0.000005	0.000008	
PNP46608.1	noTP	0.848802	0.144923	0.006275	
PNP46609.1	noTP	0.988097	0.000523	0.011380	
PNP46610.1	noTP	0.733319	0.254901	0.011780	
PNP46611.1	SP	0.000016	0.999983	0.000001	CS pos: 20-21. VLA-TE. Pr: 0.8177
PNP46612.1	noTP	0.999358	0.000043	0.000599	
PNP47004.1	noTP	0.981052	0.018821	0.000126	
PNP47005.1	noTP	0.999997	0.000002	0.000001	
PNP47006.1	noTP	0.999919	0.000070	0.000012	
PNP47007.1	noTP	0.927653	0.000087	0.072260	
PNP47008.1	SP	0.003538	0.942308	0.054153	CS pos: 16-17. AQA-SS. Pr: 0.6597
PNP47009.1	noTP	0.978766	0.000407	0.020827	
PNP47010.1	mTP	0.393097	0.046289	0.560614	CS pos: 47-48. RHM-LG. Pr: 0.2153
PNP47011.1	SP	0.002783	0.994887	0.002330	CS pos: 18-19. ASA-VS. Pr: 0.3941
PNP47012.1	noTP	0.999995	0.000002	0.000003	
PNP47013.1	noTP	0.994512	0.003509	0.001979	
PNP47014.1	noTP	0.999905	0.000071	0.000024	
PNP47015.1	noTP	0.998883	0.000156	0.000961	
PNP47016.1	noTP	0.972363	0.000009	0.027628	
PNP47017.1	noTP	0.999947	0.000039	0.000014	
PNP47018.1	noTP	0.998108	0.001263	0.000629	
PNP47019.1	noTP	0.999956	0.000042	0.000002	
PNP47020.1	noTP	0.998560	0.001124	0.000316	
PNP47021.1	noTP	0.999854	0.000029	0.000117	
PNP47022.1	noTP	0.999401	0.000049	0.000550	
PNP47023.1	noTP	0.999980	0.000019	0.000001	
PNP47024.1	mTP	0.476790	0.001724	0.521486	CS pos: 33-34. SSF-SS. Pr: 0.5124
PNP47025.1	noTP	0.999845	0.000144	0.000011	
PNP47026.1	noTP	0.988242	0.001657	0.010101	
PNP47027.1	noTP	0.616552	0.382995	0.000453	
PNP47028.1	noTP	0.517480	0.001175	0.481345	
PNP47029.1	noTP	0.999475	0.000195	0.000331	
PNP47030.1	noTP	0.767404	0.003228	0.229368	
PNP47031.1	noTP	0.998973	0.000703	0.000324	
PNP47032.1	noTP	0.983335	0.016112	0.000553	
PNP47033.1	noTP	0.999999	0.000000	0.000001	
PNP47034.1	noTP	0.997740	0.001342	0.000918	
PNP47035.1	noTP	0.999944	0.000049	0.000006	
PNP47036.1	noTP	0.999738	0.000233	0.000030	
PNP47037.1	noTP	0.999886	0.000096	0.000019	
PNP47038.1	noTP	0.998671	0.000835	0.000494	
PNP47039.1	noTP	0.584868	0.405418	0.009714	
PNP47040.1	mTP	0.015663	0.000018	0.984320	CS pos: 46-47. REY-AN. Pr: 0.4927
PNP47041.1	noTP	0.998169	0.000866	0.000966	
PNP47042.1	noTP	0.999943	0.000042	0.000015	
PNP47043.1	noTP	0.996391	0.000183	0.003427	
PNP47044.1	noTP	0.999419	0.000453	0.000128	
PNP47045.1	SP	0.003860	0.995629	0.000511	CS pos: 33-34. AEA-AS. Pr: 0.8616
PNP47046.1	noTP	0.999206	0.000148	0.000646	
PNP47047.1	noTP	0.996273	0.000030	0.003697	
PNP47048.1	noTP	0.999175	0.000570	0.000255	
PNP47049.1	noTP	0.999897	0.000040	0.000063	
PNP47050.1	noTP	0.999999	0.000001	0.000000	
PNP47051.1	noTP	0.870312	0.106807	0.022881	
PNP47052.1	SP	0.000164	0.999748	0.000088	CS pos: 15-16. VLA-AP. Pr: 0.7236
PNP47053.1	noTP	0.996399	0.002822	0.000779	
PNP47054.1	mTP	0.004279	0.000147	0.995573	CS pos: 39-40. VRP-SA. Pr: 0.2285
PNP47055.1	noTP	0.999989	0.000006	0.000005	
PNP47056.1	noTP	0.999978	0.000000	0.000021	
PNP47057.1	SP	0.000231	0.999762	0.000007	CS pos: 16-17. AVA-QT. Pr: 0.5861
PNP47058.1	SP	0.475000	0.523890	0.001110	CS pos: 16-17. SWS-GD. Pr: 0.4679
PNP47059.1	noTP	0.988678	0.002964	0.008358	
PNP47060.1	noTP	0.995211	0.003993	0.000796	
PNP47061.1	noTP	0.999967	0.000020	0.000013	
PNP47062.1	noTP	0.958387	0.029999	0.011614	
PNP47063.1	noTP	0.617594	0.359397	0.023009	
PNP47064.1	noTP	0.999953	0.000025	0.000022	
PNP47065.1	noTP	0.998112	0.000232	0.001657	
PNP47066.1	SP	0.000441	0.999558	0.000001	CS pos: 24-25. VHA-LF. Pr: 0.9775
PNP47067.1	noTP	0.980082	0.000314	0.019605	
PNP47068.1	SP	0.037879	0.961297	0.000824	CS pos: 28-29. LLA-SH. Pr: 0.5791
PNP47069.1	noTP	0.952645	0.015244	0.032111	
PNP47070.1	noTP	0.999910	0.000021	0.000069	
PNP47071.1	noTP	0.998376	0.000183	0.001441	
PNP47072.1	noTP	0.999962	0.000034	0.000004	
PNP47073.1	noTP	0.999876	0.000087	0.000037	
PNP47074.1	SP	0.002947	0.997046	0.000007	CS pos: 20-21. VSA-QD. Pr: 0.9745
PNP47075.1	noTP	0.999916	0.000081	0.000002	
PNP47076.1	noTP	0.999982	0.000007	0.000011	
PNP47077.1	noTP	0.999833	0.000163	0.000003	
PNP47078.1	noTP	0.998927	0.000831	0.000242	
PNP47079.1	SP	0.023768	0.975226	0.001006	CS pos: 30-31. SSS-HD. Pr: 0.5560
PNP47080.1	SP	0.008588	0.991412	0.000000	CS pos: 20-21. AKA-DR. Pr: 0.5939
PNP47081.1	noTP	0.999976	0.000008	0.000017	
PNP47082.1	noTP	0.938326	0.001071	0.060603	
PNP47083.1	noTP	0.999722	0.000025	0.000253	
PNP47084.1	noTP	0.999795	0.000101	0.000104	
PNP47085.1	noTP	0.998994	0.000687	0.000319	
PNP47086.1	noTP	0.999127	0.000685	0.000188	
PNP47087.1	noTP	0.994730	0.003682	0.001588	
PNP47088.1	noTP	0.999987	0.000013	0.000000	
PNP47089.1	mTP	0.185869	0.001355	0.812776	CS pos: 80-81. RRP-RE. Pr: 0.2380
PNP47090.1	noTP	0.999742	0.000242	0.000016	
PNP47091.1	noTP	0.999994	0.000005	0.000001	
PNP47092.1	noTP	0.999062	0.000776	0.000162	
PNP47093.1	noTP	0.999743	0.000050	0.000207	
PNP47094.1	noTP	0.996990	0.002278	0.000732	
PNP47095.1	noTP	0.999986	0.000003	0.000012	
PNP47096.1	noTP	0.814336	0.000274	0.185389	
PNP47097.1	noTP	0.998431	0.000872	0.000698	
PNP47098.1	noTP	0.999926	0.000051	0.000023	
PNP47099.1	noTP	0.606390	0.000137	0.393473	
PNP47100.1	noTP	0.999894	0.000017	0.000089	
PNP47101.1	noTP	0.999976	0.000012	0.000012	
PNP47102.1	noTP	0.999983	0.000009	0.000008	
PNP47103.1	noTP	0.999362	0.000464	0.000174	
PNP47104.1	noTP	0.999434	0.000408	0.000157	
PNP47105.1	noTP	0.999967	0.000007	0.000026	
PNP47106.1	noTP	0.999695	0.000135	0.000170	
PNP47107.1	mTP	0.130616	0.000038	0.869346	CS pos: 33-34. RLF-HE. Pr: 0.4558
PNP47108.1	noTP	0.998218	0.001346	0.000436	
PNP47109.1	noTP	0.694477	0.304231	0.001291	
PNP47110.1	noTP	0.999938	0.000053	0.000009	
PNP47111.1	noTP	0.999912	0.000009	0.000079	
PNP47112.1	noTP	0.999827	0.000108	0.000066	
PNP47113.1	noTP	0.989632	0.007766	0.002602	
PNP47114.1	noTP	0.955418	0.016875	0.027707	
PNP47115.1	noTP	0.999518	0.000249	0.000233	
PNP47116.1	noTP	0.999977	0.000023	0.000000	
PNP47117.1	noTP	0.999924	0.000022	0.000054	
PNP47118.1	noTP	0.847866	0.151864	0.000270	
PNP47119.1	noTP	0.999974	0.000005	0.000021	
PNP47120.1	noTP	0.987272	0.012376	0.000352	
PNP47121.1	noTP	0.968511	0.007165	0.024324	
PNP47122.1	SP	0.019103	0.945991	0.034906	CS pos: 20-21. ALA-IS. Pr: 0.3676
PNP47123.1	mTP	0.001650	0.000103	0.998247	CS pos: 29-30. RSM-AS. Pr: 0.6992
PNP47124.1	mTP	0.089633	0.000431	0.909936	CS pos: 45-46. RSY-SD. Pr: 0.7452
PNP47125.1	noTP	0.952181	0.044933	0.002886	
PNP47126.1	noTP	0.999483	0.000475	0.000042	
PNP47127.1	noTP	0.999973	0.000022	0.000005	
PNP47128.1	noTP	0.999937	0.000013	0.000050	
PNP47129.1	noTP	0.999968	0.000027	0.000005	
PNP47130.1	noTP	0.999491	0.000087	0.000422	
PNP47131.1	noTP	0.903845	0.096056	0.000099	
PNP47132.1	noTP	0.991768	0.007881	0.000351	
PNP47133.1	noTP	0.999933	0.000066	0.000001	
PNP47134.1	noTP	0.999993	0.000001	0.000006	
PNP47135.1	noTP	0.999990	0.000005	0.000005	
PNP47136.1	noTP	0.999742	0.000071	0.000187	
PNP47137.1	SP	0.000148	0.999852	0.000000	CS pos: 17-18. VAA-DS. Pr: 0.6289
PNP47138.1	noTP	0.999987	0.000011	0.000002	
PNP47139.1	noTP	0.571491	0.002176	0.426333	
PNP47140.1	SP	0.013788	0.985652	0.000560	CS pos: 18-19. VEA-ID. Pr: 0.8360
PNP47141.1	noTP	0.994991	0.001879	0.003130	
PNP47142.1	noTP	0.998959	0.000426	0.000615	
PNP47143.1	noTP	0.999481	0.000460	0.000059	
PNP47144.1	noTP	0.956252	0.005641	0.038107	
PNP47145.1	noTP	0.993934	0.004260	0.001806	
PNP47146.1	noTP	0.999983	0.000011	0.000006	
PNP47147.1	noTP	0.999998	0.000001	0.000000	
PNP47148.1	noTP	0.999693	0.000060	0.000247	
PNP47149.1	noTP	0.999979	0.000020	0.000001	
PNP47150.1	noTP	0.999720	0.000192	0.000088	
PNP47151.1	noTP	0.999809	0.000165	0.000026	
PNP47152.1	noTP	0.999623	0.000240	0.000137	
PNP47153.1	noTP	0.998534	0.000725	0.000741	
PNP47154.1	noTP	0.999802	0.000066	0.000132	
PNP47155.1	noTP	0.904482	0.006259	0.089259	
PNP47156.1	SP	0.000218	0.999738	0.000044	CS pos: 20-21. VSA-AV. Pr: 0.5912
PNP47157.1	noTP	0.999981	0.000009	0.000010	
PNP47158.1	noTP	0.999885	0.000079	0.000036	
PNP47159.1	noTP	0.999922	0.000041	0.000037	
PNP47160.1	noTP	0.999998	0.000001	0.000000	
PNP47161.1	noTP	0.999771	0.000144	0.000084	
PNP47162.1	noTP	0.937935	0.004062	0.058003	
PNP47163.1	noTP	0.997378	0.000144	0.002478	
PNP47164.1	noTP	0.985584	0.010999	0.003417	
PNP47165.1	noTP	0.999975	0.000005	0.000020	
PNP47166.1	noTP	0.999613	0.000276	0.000111	
PNP47167.1	noTP	0.999983	0.000015	0.000002	
PNP47168.1	noTP	0.999989	0.000010	0.000001	
PNP47169.1	noTP	0.998558	0.000028	0.001414	
PNP47170.1	noTP	0.999987	0.000012	0.000001	
PNP47171.1	SP	0.001670	0.998302	0.000028	CS pos: 20-21. GCG-HE. Pr: 0.3576
PNP47172.1	noTP	0.996785	0.002050	0.001165	
PNP47173.1	noTP	0.688669	0.251105	0.060226	
PNP47174.1	noTP	0.999996	0.000001	0.000003	
PNP47175.1	noTP	0.999996	0.000002	0.000002	
PNP47176.1	noTP	0.999988	0.000009	0.000003	
PNP47177.1	noTP	0.997149	0.000017	0.002834	
PNP47178.1	mTP	0.000159	0.000008	0.999833	CS pos: 29-30. ARS-VT. Pr: 0.3650
PNP47179.1	noTP	0.999992	0.000001	0.000007	
PNP47180.1	noTP	0.999994	0.000004	0.000002	
PNP47181.1	noTP	0.999853	0.000116	0.000032	
PNP47182.1	noTP	0.999873	0.000038	0.000089	
PNP47183.1	noTP	0.999946	0.000025	0.000028	
PNP47184.1	noTP	0.999050	0.000494	0.000455	
PNP47185.1	noTP	0.999933	0.000049	0.000018	
PNP47186.1	noTP	0.999483	0.000166	0.000351	
PNP47187.1	noTP	0.999984	0.000015	0.000001	
PNP47188.1	noTP	0.998792	0.000301	0.000906	
PNP47189.1	noTP	0.999969	0.000015	0.000016	
PNP47190.1	noTP	0.829594	0.072708	0.097699	
PNP47191.1	noTP	0.999553	0.000348	0.000099	
PNP47192.1	noTP	0.716654	0.281431	0.001915	
PNP47193.1	noTP	0.991112	0.007892	0.000996	
PNP47194.1	noTP	0.999345	0.000197	0.000458	
PNP47195.1	noTP	0.999996	0.000002	0.000002	
PNP47196.1	noTP	0.984374	0.005780	0.009846	
PNP47197.1	SP	0.001304	0.998267	0.000430	CS pos: 19-20. VSA-SP. Pr: 0.8439
PNP47198.1	noTP	0.985121	0.011803	0.003076	
PNP47199.1	noTP	0.999497	0.000222	0.000280	
PNP47200.1	noTP	0.925432	0.071854	0.002714	
PNP47201.1	noTP	0.995614	0.004045	0.000340	
PNP47202.1	noTP	0.999680	0.000239	0.000081	
PNP47734.1	noTP	0.998601	0.000074	0.001325	
PNP47735.1	noTP	0.996835	0.001204	0.001961	
PNP47736.1	noTP	0.993290	0.006306	0.000405	
PNP47737.1	noTP	0.999991	0.000004	0.000005	
PNP47738.1	noTP	0.955421	0.044255	0.000324	
PNP47739.1	SP	0.000159	0.999839	0.000003	CS pos: 24-25. ASA-SK. Pr: 0.6137
PNP47740.1	SP	0.001619	0.998334	0.000047	CS pos: 18-19. VLA-GG. Pr: 0.6157
PNP47741.1	noTP	0.866482	0.002396	0.131122	
PNP47742.1	SP	0.000380	0.999620	0.000000	CS pos: 18-19. TAA-SP. Pr: 0.5802
PNP47743.1	noTP	0.999725	0.000223	0.000052	
PNP47744.1	noTP	0.999917	0.000069	0.000014	
PNP47745.1	noTP	0.999713	0.000277	0.000011	
PNP47746.1	noTP	0.970885	0.005679	0.023436	
PNP47747.1	noTP	0.950809	0.032448	0.016743	
PNP47748.1	noTP	0.941688	0.048644	0.009667	
PNP47749.1	noTP	0.998115	0.001400	0.000485	
PNP47750.1	noTP	0.744995	0.000090	0.254916	
PNP47751.1	noTP	0.984726	0.014573	0.000702	
PNP47752.1	SP	0.163466	0.666978	0.169556	CS pos: 27-28. TTA-RR. Pr: 0.7877
PNP47753.1	noTP	0.999313	0.000619	0.000068	
PNP47754.1	noTP	0.916793	0.082446	0.000761	
PNP47755.1	noTP	0.926205	0.025524	0.048272	
PNP47756.1	noTP	0.999555	0.000437	0.000008	
PNP47757.1	noTP	0.675863	0.302481	0.021656	
PNP47758.1	noTP	0.963874	0.027553	0.008573	
PNP47759.1	noTP	0.999982	0.000015	0.000003	
PNP47760.1	noTP	0.999921	0.000050	0.000029	
PNP47761.1	noTP	0.893147	0.000214	0.106639	
PNP47762.1	noTP	0.993524	0.005061	0.001415	
PNP47763.1	noTP	0.999987	0.000011	0.000002	
PNP47764.1	noTP	0.998463	0.000347	0.001189	
PNP47765.1	noTP	0.998860	0.000529	0.000612	
PNP47766.1	noTP	0.999745	0.000191	0.000063	
PNP47767.1	noTP	0.999841	0.000053	0.000106	
PNP47768.1	noTP	0.979160	0.020478	0.000361	
PNP47769.1	SP	0.130452	0.844572	0.024976	CS pos: 24-25. ASA-HI. Pr: 0.5159
PNP47770.1	noTP	0.754132	0.224517	0.021350	
PNP47771.1	noTP	0.998054	0.000132	0.001814	
PNP47772.1	noTP	0.835685	0.079777	0.084538	
PNP47773.1	noTP	0.996535	0.000164	0.003300	
PNP47774.1	noTP	1.000000	0.000000	0.000000	
PNP47775.1	noTP	0.999998	0.000002	0.000000	
PNP47776.1	noTP	0.998805	0.000761	0.000433	
PNP47777.1	noTP	0.984008	0.001227	0.014765	
PNP47778.1	noTP	0.997110	0.000869	0.002021	
PNP47779.1	noTP	0.991016	0.001892	0.007091	
PNP47780.1	noTP	0.990284	0.000494	0.009222	
PNP47781.1	noTP	0.915772	0.000101	0.084127	
PNP47782.1	noTP	0.999726	0.000108	0.000166	
PNP47783.1	noTP	0.999993	0.000005	0.000001	
PNP47784.1	noTP	0.999006	0.000833	0.000161	
PNP47785.1	noTP	0.998582	0.001374	0.000043	
PNP47786.1	noTP	0.999998	0.000000	0.000002	
PNP47787.1	noTP	0.990927	0.008989	0.000084	
PNP47788.1	noTP	0.969707	0.003012	0.027281	
PNP47789.1	noTP	0.994374	0.005414	0.000211	
PNP47790.1	noTP	0.827629	0.000525	0.171846	
PNP47791.1	noTP	0.999250	0.000061	0.000690	
PNP47792.1	noTP	0.999967	0.000019	0.000014	
PNP47793.1	SP	0.002908	0.996719	0.000373	CS pos: 20-21. VIA-WG. Pr: 0.7414
PNP47794.1	noTP	0.999311	0.000093	0.000596	
PNP47795.1	noTP	0.999023	0.000448	0.000529	
PNP47796.1	noTP	0.634709	0.081195	0.284096	
PNP47797.1	SP	0.000032	0.999957	0.000011	CS pos: 20-21. ALA-AP. Pr: 0.7595
PNP47798.1	noTP	0.999963	0.000034	0.000003	
PNP47799.1	noTP	0.998029	0.001034	0.000936	
PNP47800.1	noTP	0.980639	0.004034	0.015326	
PNP47801.1	noTP	0.999578	0.000343	0.000079	
PNP47802.1	noTP	0.967815	0.032169	0.000015	
PNP47803.1	SP	0.000027	0.999970	0.000002	CS pos: 20-21. ALA-AT. Pr: 0.7928
PNP47804.1	noTP	0.998766	0.000469	0.000764	
PNP47805.1	noTP	0.983375	0.001602	0.015023	
PNP47806.1	SP	0.001464	0.998495	0.000041	CS pos: 17-18. AEA-RF. Pr: 0.8886
PNP47807.1	noTP	0.999957	0.000027	0.000016	
PNP47808.1	noTP	0.992883	0.003789	0.003329	
