# TargetP-2.0	Organism: Non-Plant	Timestamp: 20200427152438
# ID	Prediction	noTP	SP	mTP	CS Position
PKK34552.1	noTP	0.999568	0.000337	0.000095	
PKK34553.1	noTP	0.997357	0.000100	0.002543	
PKK34554.1	noTP	0.999950	0.000031	0.000018	
PKK34555.1	SP	0.471107	0.527320	0.001573	CS pos: 15-16. TQS-GN. Pr: 0.1995
PKK34556.1	noTP	0.751024	0.016894	0.232082	
PKK34557.1	noTP	0.999799	0.000026	0.000175	
PKK34558.1	noTP	0.988674	0.000884	0.010442	
PKK34559.1	noTP	0.998155	0.001658	0.000187	
PKK34560.1	noTP	0.998751	0.000021	0.001228	
PKK34561.1	noTP	0.955509	0.000034	0.044456	
PKK34562.1	noTP	0.997686	0.001887	0.000428	
PKK34563.1	noTP	0.995281	0.004607	0.000112	
PKK34564.1	noTP	0.991223	0.001647	0.007130	
PKK34565.1	noTP	0.999932	0.000002	0.000067	
PKK34566.1	noTP	0.515325	0.000111	0.484564	
PKK34567.1	noTP	0.962416	0.000220	0.037364	
PKK34568.1	noTP	0.999883	0.000049	0.000068	
PKK34569.1	noTP	0.993382	0.000101	0.006517	
PKK34570.1	noTP	0.838865	0.161029	0.000107	
PKK34571.1	noTP	0.530591	0.003088	0.466321	
PKK34572.1	noTP	0.746184	0.241165	0.012651	
PKK34573.1	mTP	0.403789	0.000260	0.595952	CS pos: 36-37. RPQ-ST. Pr: 0.4311
PKK34574.1	noTP	0.999931	0.000026	0.000043	
PKK34575.1	noTP	0.999500	0.000297	0.000203	
PKK34580.1	mTP	0.115563	0.000628	0.883809	CS pos: 39-40. LAW-TS. Pr: 0.3668
PKK34581.1	noTP	0.999814	0.000130	0.000056	
PKK34582.1	noTP	0.996195	0.002964	0.000841	
PKK34584.1	noTP	0.947044	0.041394	0.011562	
PKK34585.1	SP	0.462134	0.504653	0.033213	CS pos: 26-27. LEC-RT. Pr: 0.2534
PKK34589.1	noTP	0.994607	0.000051	0.005342	
PKK34590.1	noTP	0.922785	0.075234	0.001981	
PKK34595.1	noTP	0.814480	0.138739	0.046782	
PKK34597.1	noTP	0.999989	0.000011	0.000000	
PKK34598.1	noTP	0.813580	0.044634	0.141786	
PKK34600.1	noTP	0.993728	0.006264	0.000008	
PKK34603.1	noTP	0.998970	0.000267	0.000763	
PKK34607.1	noTP	0.997435	0.001684	0.000881	
PKK34610.1	noTP	0.999968	0.000017	0.000016	
PKK34611.1	noTP	0.998430	0.001197	0.000373	
PKK34612.1	noTP	0.872804	0.000394	0.126802	
PKK34613.1	noTP	0.999976	0.000012	0.000012	
PKK34614.1	SP	0.017801	0.977457	0.004742	CS pos: 19-20. VIA-TH. Pr: 0.4809
PKK34616.1	noTP	0.968721	0.027195	0.004084	
PKK34617.1	noTP	0.998629	0.000752	0.000619	
PKK34618.1	noTP	0.899446	0.097268	0.003285	
PKK34619.1	noTP	0.996924	0.000705	0.002371	
PKK34620.1	noTP	0.762896	0.059740	0.177364	
PKK34622.1	noTP	0.999947	0.000042	0.000011	
PKK34624.1	noTP	0.996411	0.001846	0.001743	
PKK34629.1	noTP	0.994933	0.000064	0.005002	
PKK34782.1	noTP	0.999373	0.000614	0.000012	
PKK34854.1	noTP	0.999979	0.000021	0.000000	
PKK34959.1	noTP	0.999948	0.000024	0.000029	
PKK35012.1	noTP	0.998853	0.000849	0.000298	
PKK35053.1	noTP	0.999809	0.000118	0.000074	
PKK35137.1	noTP	0.999962	0.000008	0.000030	
PKK35457.1	noTP	0.999997	0.000003	0.000001	
PKK35565.1	noTP	0.998832	0.000802	0.000366	
PKK35651.1	noTP	0.991167	0.005937	0.002895	
PKK35652.1	noTP	0.999792	0.000121	0.000087	
PKK35977.1	noTP	0.999987	0.000006	0.000007	
PKK36347.1	noTP	0.999969	0.000028	0.000003	
PKK36348.1	noTP	0.999897	0.000077	0.000027	
PKK36583.1	noTP	0.999997	0.000003	0.000000	
PKK36585.1	noTP	0.759536	0.219654	0.020810	
PKK36857.1	SP	0.000010	0.999981	0.000009	CS pos: 21-22. AAG-HD. Pr: 0.4555
PKK36858.1	noTP	0.999970	0.000030	0.000000	
PKK37084.1	noTP	0.999689	0.000149	0.000162	
PKK37085.1	noTP	0.528577	0.469665	0.001758	
PKK37086.1	noTP	0.920457	0.072825	0.006719	
PKK37306.1	noTP	0.944504	0.008472	0.047024	
PKK37593.1	noTP	0.730579	0.240765	0.028656	
PKK37594.1	noTP	0.999806	0.000181	0.000012	
PKK37901.1	noTP	0.999768	0.000041	0.000191	
PKK37903.1	SP	0.095805	0.904029	0.000167	CS pos: 38-39. SGG-QD. Pr: 0.7958
PKK37904.1	noTP	0.999999	0.000000	0.000001	
PKK38215.1	noTP	0.999910	0.000013	0.000078	
PKK38217.1	noTP	0.999981	0.000001	0.000019	
PKK38219.1	noTP	0.999995	0.000003	0.000003	
PKK38600.1	noTP	0.999180	0.000324	0.000496	
PKK38602.1	noTP	0.918598	0.077215	0.004188	
PKK38604.1	noTP	0.999443	0.000345	0.000211	
PKK38605.1	noTP	0.999988	0.000006	0.000006	
PKK38606.1	noTP	0.986656	0.012853	0.000491	
PKK38607.1	noTP	0.990909	0.000592	0.008499	
PKK38608.1	noTP	0.997334	0.000421	0.002245	
PKK38609.1	noTP	0.981332	0.002371	0.016297	
PKK38610.1	noTP	0.999885	0.000092	0.000023	
PKK38612.1	SP	0.011727	0.985722	0.002550	CS pos: 22-23. TAA-QT. Pr: 0.8987
PKK38785.1	noTP	0.999386	0.000436	0.000178	
PKK38799.1	noTP	0.999708	0.000043	0.000249	
PKK38831.1	mTP	0.023287	0.000294	0.976419	CS pos: 48-49. RRQ-QA. Pr: 0.1437
PKK38835.1	SP	0.089737	0.484393	0.425870	CS pos: 19-20. VLA-TN. Pr: 0.5544
PKK38836.1	mTP	0.139740	0.000569	0.859690	CS pos: 50-51. RSF-ST. Pr: 0.3168
PKK39001.1	SP	0.000740	0.999255	0.000005	CS pos: 17-18. VSA-AS. Pr: 0.6776
PKK39103.1	noTP	0.999951	0.000043	0.000006	
PKK39390.1	noTP	0.996016	0.002672	0.001312	
PKK39485.1	noTP	0.989787	0.004462	0.005751	
PKK39529.1	noTP	0.913243	0.012149	0.074607	
PKK39559.1	SP	0.425830	0.570101	0.004069	CS pos: 24-25. VKS-LF. Pr: 0.9679
PKK39612.1	noTP	0.948227	0.042708	0.009064	
PKK39613.1	noTP	0.999103	0.000438	0.000459	
PKK39778.1	noTP	0.996751	0.002675	0.000574	
PKK39889.1	noTP	0.856276	0.057957	0.085766	
PKK39890.1	noTP	0.997919	0.000663	0.001418	
PKK40035.1	noTP	0.998846	0.000053	0.001102	
PKK40037.1	noTP	0.999952	0.000005	0.000044	
PKK40045.1	noTP	0.841712	0.127063	0.031225	
PKK40046.1	noTP	0.999822	0.000142	0.000036	
PKK40160.1	noTP	0.999618	0.000377	0.000004	
PKK40198.1	noTP	0.999209	0.000167	0.000624	
PKK40199.1	noTP	0.994841	0.000331	0.004828	
PKK40221.1	noTP	0.999995	0.000004	0.000001	
PKK40276.1	noTP	0.996386	0.003143	0.000471	
PKK40334.1	noTP	0.971734	0.008737	0.019529	
PKK40335.1	noTP	0.999739	0.000034	0.000227	
PKK40337.1	noTP	0.999998	0.000002	0.000000	
PKK40396.1	noTP	0.999367	0.000266	0.000366	
PKK40399.1	noTP	0.977550	0.005511	0.016939	
PKK40470.1	noTP	0.999979	0.000005	0.000016	
PKK40471.1	noTP	0.909420	0.089790	0.000790	
PKK40474.1	noTP	0.996527	0.000158	0.003314	
PKK40554.1	SP	0.000650	0.999304	0.000047	CS pos: 22-23. AAA-GS. Pr: 0.3633
PKK40555.1	SP	0.002586	0.997383	0.000030	CS pos: 19-20. TDG-GV. Pr: 0.7076
PKK40556.1	noTP	0.999981	0.000017	0.000001	
PKK40570.1	noTP	0.999874	0.000079	0.000047	
PKK40616.1	noTP	0.999997	0.000000	0.000003	
PKK40666.1	SP	0.144366	0.779710	0.075924	CS pos: 33-34. TAS-TA. Pr: 0.5749
PKK40667.1	noTP	0.987210	0.000014	0.012776	
PKK40724.1	noTP	0.999931	0.000064	0.000005	
PKK40725.1	noTP	0.999478	0.000285	0.000238	
PKK40729.1	noTP	0.998817	0.000241	0.000942	
PKK40730.1	noTP	0.999977	0.000019	0.000004	
PKK40731.1	noTP	0.877247	0.106997	0.015755	
PKK40732.1	noTP	0.999905	0.000047	0.000048	
PKK40734.1	noTP	0.998915	0.000250	0.000835	
PKK40736.1	noTP	0.999674	0.000028	0.000298	
PKK40739.1	SP	0.012282	0.987228	0.000490	CS pos: 22-23. GHC-AP. Pr: 0.9596
PKK40741.1	noTP	0.999510	0.000248	0.000243	
PKK40742.1	noTP	0.832809	0.003707	0.163484	
PKK40743.1	noTP	0.992897	0.000206	0.006897	
PKK40744.1	noTP	0.999950	0.000038	0.000011	
PKK40745.1	noTP	0.807862	0.188989	0.003149	
PKK40747.1	noTP	0.999997	0.000002	0.000001	
PKK40748.1	noTP	0.997627	0.000122	0.002251	
PKK40751.1	noTP	0.999170	0.000022	0.000809	
PKK40755.1	noTP	0.999998	0.000001	0.000001	
PKK40757.1	noTP	0.986737	0.000190	0.013074	
PKK40758.1	noTP	0.999393	0.000060	0.000547	
PKK40759.1	noTP	0.918916	0.080146	0.000939	
PKK40761.1	noTP	0.497106	0.335995	0.166899	
PKK40763.1	noTP	0.997359	0.000048	0.002593	
PKK40764.1	noTP	0.927310	0.002325	0.070365	
PKK40765.1	SP	0.000157	0.999842	0.000000	CS pos: 17-18. VAA-DS. Pr: 0.6274
PKK40767.1	noTP	0.999992	0.000007	0.000001	
PKK40768.1	noTP	0.999989	0.000000	0.000010	
PKK40769.1	SP	0.005924	0.993438	0.000638	CS pos: 21-22. CSS-SP. Pr: 0.7544
PKK40770.1	noTP	0.999922	0.000019	0.000059	
PKK40771.1	noTP	0.998712	0.000143	0.001144	
PKK40772.1	noTP	0.999768	0.000102	0.000131	
PKK40774.1	noTP	0.993858	0.002716	0.003426	
PKK40775.1	noTP	0.999980	0.000019	0.000001	
PKK40776.1	noTP	0.999898	0.000077	0.000025	
PKK40778.1	SP	0.000601	0.999320	0.000079	CS pos: 22-23. VNA-AC. Pr: 0.8262
PKK40779.1	noTP	0.771968	0.211959	0.016073	
PKK40780.1	noTP	0.975242	0.000080	0.024678	
PKK40782.1	noTP	0.844285	0.147592	0.008123	
PKK40783.1	noTP	0.999783	0.000113	0.000103	
PKK40785.1	noTP	0.851684	0.037772	0.110544	
PKK40786.1	noTP	0.999941	0.000020	0.000039	
PKK40787.1	noTP	0.992411	0.001604	0.005985	
PKK40788.1	noTP	0.854953	0.007998	0.137049	
PKK40789.1	SP	0.323637	0.666848	0.009515	CS pos: 21-22. VNN-LP. Pr: 0.2488
PKK40791.1	noTP	0.999510	0.000446	0.000044	
PKK40792.1	noTP	0.978403	0.021333	0.000263	
PKK40795.1	noTP	0.997687	0.000924	0.001388	
PKK40796.1	SP	0.000705	0.999291	0.000004	CS pos: 22-23. TDG-YN. Pr: 0.9714
PKK40797.1	noTP	0.999774	0.000049	0.000177	
PKK40798.1	noTP	0.995190	0.000007	0.004803	
PKK40799.1	noTP	0.999982	0.000001	0.000018	
PKK40800.1	noTP	0.997259	0.000046	0.002695	
PKK40801.1	noTP	0.832092	0.000033	0.167875	
PKK40802.1	noTP	0.999996	0.000004	0.000000	
PKK40803.1	noTP	1.000000	0.000000	0.000000	
PKK40805.1	SP	0.068539	0.921019	0.010443	CS pos: 19-20. VSA-AT. Pr: 0.4358
PKK40806.1	noTP	0.938428	0.010078	0.051494	
PKK40807.1	noTP	0.999995	0.000002	0.000003	
PKK40808.1	noTP	0.999991	0.000007	0.000002	
PKK40810.1	noTP	0.999990	0.000006	0.000004	
PKK40811.1	noTP	0.999764	0.000229	0.000007	
PKK40812.1	SP	0.286014	0.705216	0.008770	CS pos: 30-31. VFA-TG. Pr: 0.7243
PKK40815.1	noTP	0.999982	0.000002	0.000017	
PKK40816.1	noTP	0.999937	0.000061	0.000002	
PKK40817.1	noTP	0.999775	0.000067	0.000158	
PKK40818.1	noTP	0.999999	0.000001	0.000000	
PKK40820.1	noTP	0.999887	0.000068	0.000044	
PKK40821.1	noTP	0.999995	0.000001	0.000004	
PKK40823.1	noTP	0.958625	0.001850	0.039525	
PKK40824.1	noTP	0.999986	0.000012	0.000002	
PKK40825.1	noTP	0.999972	0.000013	0.000015	
PKK40826.1	noTP	0.998399	0.001193	0.000408	
PKK40827.1	noTP	0.999943	0.000036	0.000020	
PKK40828.1	noTP	0.997270	0.000133	0.002597	
PKK40829.1	noTP	0.999924	0.000058	0.000017	
PKK40830.1	noTP	0.978433	0.013898	0.007669	
PKK40833.1	SP	0.003028	0.996620	0.000353	CS pos: 23-24. ASS-AG. Pr: 0.3928
PKK40834.1	noTP	0.999998	0.000001	0.000001	
PKK40835.1	noTP	0.921926	0.049771	0.028303	
PKK40836.1	noTP	0.998976	0.000242	0.000782	
PKK40837.1	noTP	0.999969	0.000014	0.000017	
PKK40838.1	noTP	0.995409	0.000456	0.004136	
PKK40839.1	noTP	0.675055	0.029081	0.295864	
PKK40840.1	noTP	0.934119	0.065026	0.000855	
PKK40841.1	noTP	0.999154	0.000822	0.000025	
PKK40842.1	noTP	0.968957	0.030877	0.000166	
PKK40843.1	noTP	0.904575	0.000205	0.095220	
PKK40844.1	noTP	0.999506	0.000015	0.000479	
PKK40845.1	noTP	0.999998	0.000002	0.000000	
PKK40846.1	noTP	0.995675	0.000255	0.004070	
PKK40847.1	noTP	0.912885	0.000079	0.087036	
PKK40848.1	noTP	0.641528	0.000181	0.358291	
PKK40849.1	noTP	0.999983	0.000012	0.000004	
PKK40850.1	noTP	0.739142	0.248674	0.012184	
PKK40853.1	SP	0.007643	0.989636	0.002720	CS pos: 22-23. ATA-QT. Pr: 0.4251
PKK40854.1	noTP	0.999959	0.000011	0.000030	
PKK40858.1	mTP	0.041944	0.000088	0.957968	CS pos: 29-30. RCF-AS. Pr: 0.8016
PKK40859.1	noTP	0.979176	0.013648	0.007176	
PKK40860.1	noTP	0.999999	0.000000	0.000001	
PKK40862.1	noTP	0.998829	0.001132	0.000039	
PKK40863.1	SP	0.000091	0.999908	0.000001	CS pos: 17-18. VSA-QV. Pr: 0.8076
PKK40864.1	noTP	0.999949	0.000031	0.000020	
PKK40865.1	noTP	0.912105	0.083228	0.004667	
PKK40867.1	noTP	0.984825	0.000076	0.015099	
PKK40868.1	noTP	0.999990	0.000008	0.000002	
PKK40869.1	noTP	1.000000	0.000000	0.000000	
PKK40870.1	noTP	0.999798	0.000193	0.000008	
PKK40871.1	noTP	0.999554	0.000284	0.000161	
PKK40872.1	noTP	0.994036	0.004925	0.001039	
PKK40873.1	noTP	0.999215	0.000077	0.000708	
PKK40874.1	noTP	0.791529	0.024826	0.183645	
PKK40875.1	noTP	0.990692	0.003521	0.005787	
PKK40876.1	noTP	0.998699	0.001301	0.000000	
PKK40877.1	noTP	0.998183	0.000259	0.001558	
PKK40878.1	noTP	0.997711	0.000258	0.002031	
PKK40880.1	noTP	0.997084	0.002763	0.000153	
PKK40881.1	mTP	0.287039	0.000887	0.712074	CS pos: 44-45. RSF-NQ. Pr: 0.1161
PKK40882.1	SP	0.026054	0.973912	0.000035	CS pos: 19-20. ANA-TT. Pr: 0.7394
PKK40883.1	noTP	0.844281	0.154419	0.001300	
PKK40884.1	noTP	0.771440	0.075697	0.152862	
PKK40885.1	noTP	0.993174	0.000164	0.006662	
PKK40886.1	noTP	0.999490	0.000093	0.000417	
PKK40888.1	noTP	0.986006	0.002452	0.011541	
PKK40889.1	noTP	0.999900	0.000047	0.000053	
PKK40890.1	noTP	0.999998	0.000001	0.000001	
PKK40891.1	noTP	0.927781	0.064870	0.007349	
PKK40892.1	SP	0.001297	0.995066	0.003637	CS pos: 19-20. VGA-VP. Pr: 0.8146
PKK40895.1	noTP	0.999996	0.000003	0.000001	
PKK40896.1	noTP	0.841129	0.150954	0.007918	
PKK40897.1	mTP	0.053487	0.000170	0.946343	CS pos: 36-37. RRA-LS. Pr: 0.2861
PKK40899.1	noTP	0.999947	0.000012	0.000042	
PKK40900.1	noTP	0.999379	0.000085	0.000536	
PKK40901.1	noTP	0.740427	0.005520	0.254052	
PKK40902.1	noTP	0.999991	0.000008	0.000001	
PKK40903.1	noTP	0.998628	0.000222	0.001150	
PKK40905.1	SP	0.000808	0.999138	0.000054	CS pos: 20-21. VSA-AP. Pr: 0.8172
PKK40906.1	noTP	0.653916	0.009916	0.336167	
PKK40908.1	noTP	0.999979	0.000010	0.000011	
PKK40909.1	noTP	0.982159	0.004251	0.013591	
PKK40911.1	noTP	0.964540	0.000862	0.034599	
PKK40912.1	noTP	0.999669	0.000010	0.000321	
PKK40913.1	noTP	0.995462	0.002696	0.001842	
PKK40914.1	noTP	0.884132	0.115867	0.000001	
PKK40915.1	noTP	0.999316	0.000047	0.000638	
PKK40916.1	SP	0.001503	0.998493	0.000004	CS pos: 18-19. GFA-VP. Pr: 0.7173
PKK40917.1	noTP	0.998291	0.000172	0.001537	
PKK40918.1	noTP	0.645025	0.238774	0.116201	
PKK40919.1	noTP	0.952058	0.000318	0.047624	
PKK40920.1	noTP	0.909892	0.089352	0.000756	
PKK40921.1	noTP	0.999999	0.000001	0.000000	
PKK40923.1	noTP	0.999977	0.000022	0.000001	
PKK40924.1	noTP	0.818366	0.002828	0.178806	
PKK40926.1	noTP	0.999665	0.000082	0.000253	
PKK40927.1	noTP	0.996350	0.001130	0.002519	
PKK40929.1	noTP	0.947947	0.044915	0.007137	
PKK40930.1	noTP	0.998082	0.001164	0.000754	
PKK40931.1	noTP	0.999997	0.000002	0.000002	
PKK40932.1	SP	0.000501	0.999499	0.000000	CS pos: 17-18. ANA-TH. Pr: 0.9388
PKK40934.1	noTP	0.999979	0.000010	0.000011	
PKK40935.1	noTP	0.999914	0.000064	0.000022	
PKK40937.1	noTP	0.999999	0.000000	0.000001	
PKK40938.1	SP	0.000943	0.996860	0.002197	CS pos: 20-21. ASA-TG. Pr: 0.5998
PKK40939.1	noTP	0.999972	0.000015	0.000014	
PKK40940.1	noTP	0.997143	0.002399	0.000458	
PKK40941.1	SP	0.001258	0.995480	0.003263	CS pos: 23-24. VAA-CA. Pr: 0.3279
PKK40942.1	noTP	0.999999	0.000001	0.000000	
PKK40944.1	noTP	0.999881	0.000027	0.000092	
PKK40945.1	noTP	0.999998	0.000001	0.000001	
PKK40946.1	noTP	0.999941	0.000003	0.000056	
PKK40947.1	SP	0.000804	0.998356	0.000840	CS pos: 18-19. SAA-QE. Pr: 0.5225
PKK40948.1	noTP	0.999144	0.000039	0.000817	
PKK40949.1	SP	0.008935	0.991057	0.000008	CS pos: 17-18. ASA-HP. Pr: 0.5404
PKK40951.1	SP	0.000432	0.999556	0.000012	CS pos: 18-19. TSA-LP. Pr: 0.4245
PKK40952.1	noTP	0.664425	0.003309	0.332265	
PKK40954.1	noTP	0.995734	0.000937	0.003329	
PKK40955.1	noTP	0.739638	0.015274	0.245088	
PKK40956.1	noTP	0.999410	0.000304	0.000286	
PKK40957.1	noTP	0.994800	0.004929	0.000271	
PKK40959.1	noTP	0.999874	0.000037	0.000089	
PKK40961.1	noTP	0.652471	0.344724	0.002805	
PKK40962.1	noTP	0.999986	0.000010	0.000004	
PKK40964.1	noTP	0.999993	0.000002	0.000005	
PKK40965.1	noTP	0.998376	0.000744	0.000881	
PKK40966.1	SP	0.374272	0.619831	0.005897	CS pos: 18-19. GLG-RS. Pr: 0.7855
PKK40967.1	noTP	0.999922	0.000053	0.000025	
PKK40968.1	noTP	0.999993	0.000000	0.000007	
PKK40969.1	noTP	0.999802	0.000128	0.000070	
PKK40970.1	SP	0.000329	0.998688	0.000983	CS pos: 23-24. VLG-QT. Pr: 0.8755
PKK40972.1	noTP	0.990172	0.000841	0.008987	
PKK40973.1	SP	0.000440	0.999534	0.000027	CS pos: 16-17. ANA-LK. Pr: 0.9701
PKK40974.1	noTP	0.999981	0.000018	0.000001	
PKK40975.1	noTP	0.998931	0.001047	0.000022	
PKK40977.1	noTP	0.999803	0.000151	0.000046	
PKK40978.1	noTP	0.995928	0.000194	0.003879	
PKK40979.1	noTP	0.999997	0.000000	0.000003	
PKK40980.1	noTP	0.968354	0.001283	0.030362	
PKK40982.1	noTP	0.999922	0.000013	0.000065	
PKK40983.1	noTP	0.974099	0.005356	0.020545	
PKK40984.1	SP	0.385514	0.508655	0.105831	CS pos: 21-22. NIG-LI. Pr: 0.5638
PKK40986.1	noTP	0.999952	0.000005	0.000043	
PKK40987.1	noTP	0.875095	0.036871	0.088033	
PKK40988.1	noTP	0.999967	0.000031	0.000002	
PKK40989.1	noTP	0.542031	0.000141	0.457829	
PKK40990.1	noTP	0.999999	0.000000	0.000001	
PKK40991.1	noTP	0.999000	0.000516	0.000484	
PKK40992.1	noTP	0.999009	0.000298	0.000693	
PKK40993.1	noTP	0.994414	0.000616	0.004969	
PKK40995.1	noTP	0.999999	0.000001	0.000000	
PKK40996.1	noTP	0.999894	0.000054	0.000052	
PKK40997.1	noTP	0.999893	0.000007	0.000100	
PKK40998.1	noTP	0.997435	0.000123	0.002443	
PKK41000.1	noTP	0.456959	0.234021	0.309020	
PKK41001.1	noTP	0.999942	0.000046	0.000012	
PKK41002.1	noTP	0.999695	0.000144	0.000161	
PKK41003.1	noTP	0.999980	0.000006	0.000014	
PKK41005.1	SP	0.199798	0.450316	0.349887	CS pos: 16-17. TFA-GV. Pr: 0.5111
PKK41006.1	noTP	0.999981	0.000000	0.000019	
PKK41007.1	SP	0.107178	0.890735	0.002087	CS pos: 25-26. SHL-DC. Pr: 0.4206
PKK41008.1	noTP	0.999058	0.000183	0.000759	
PKK41009.1	noTP	0.997855	0.000481	0.001664	
PKK41010.1	noTP	0.999943	0.000051	0.000006	
PKK41011.1	noTP	0.999970	0.000029	0.000001	
PKK41012.1	SP	0.004885	0.919402	0.075714	CS pos: 18-19. AFG-QK. Pr: 0.8853
PKK41013.1	noTP	0.999988	0.000010	0.000002	
PKK41014.1	noTP	0.999931	0.000031	0.000038	
PKK41015.1	noTP	0.999144	0.000328	0.000528	
PKK41016.1	noTP	0.999934	0.000018	0.000048	
PKK41017.1	noTP	0.999399	0.000480	0.000121	
PKK41018.1	noTP	0.999869	0.000104	0.000026	
PKK41020.1	noTP	0.994859	0.000114	0.005027	
PKK41021.1	noTP	0.983845	0.001950	0.014205	
PKK41022.1	noTP	0.993698	0.000050	0.006251	
PKK41023.1	SP	0.003652	0.996231	0.000117	CS pos: 27-28. AYA-FS. Pr: 0.8458
PKK41026.1	noTP	0.925885	0.051226	0.022889	
PKK41027.1	noTP	0.999947	0.000042	0.000010	
PKK41029.1	noTP	0.999891	0.000102	0.000006	
PKK41030.1	noTP	0.999568	0.000004	0.000428	
PKK41031.1	noTP	0.978166	0.000321	0.021513	
PKK41034.1	noTP	0.986453	0.007178	0.006369	
PKK41035.1	noTP	0.998074	0.000115	0.001812	
PKK41036.1	noTP	0.999996	0.000002	0.000002	
PKK41037.1	noTP	0.999977	0.000020	0.000003	
PKK41038.1	SP	0.000237	0.999502	0.000261	CS pos: 24-25. ADA-EK. Pr: 0.9647
PKK41039.1	noTP	0.999696	0.000049	0.000255	
PKK41040.1	noTP	0.999771	0.000016	0.000213	
PKK41043.1	noTP	0.988204	0.000463	0.011334	
PKK41044.1	noTP	0.996937	0.000113	0.002950	
PKK41045.1	noTP	0.986238	0.012287	0.001475	
PKK41046.1	noTP	0.999584	0.000220	0.000196	
PKK41049.1	noTP	0.999987	0.000009	0.000004	
PKK41051.1	mTP	0.235256	0.000300	0.764444	CS pos: 55-56. RQL-GT. Pr: 0.3942
PKK41052.1	noTP	0.949987	0.006950	0.043063	
PKK41053.1	noTP	0.997865	0.001609	0.000525	
PKK41054.1	noTP	0.973412	0.001452	0.025136	
PKK41055.1	mTP	0.331773	0.003443	0.664783	CS pos: 28-29. CRG-IQ. Pr: 0.4449
PKK41057.1	noTP	0.979482	0.003361	0.017157	
PKK41058.1	noTP	0.871579	0.000929	0.127492	
PKK41060.1	noTP	0.999993	0.000001	0.000006	
PKK41061.1	noTP	0.999939	0.000041	0.000020	
PKK41063.1	noTP	0.678032	0.006478	0.315490	
PKK41065.1	noTP	0.956745	0.004092	0.039163	
PKK41066.1	noTP	0.999882	0.000077	0.000042	
PKK41067.1	noTP	0.998426	0.000043	0.001531	
PKK41068.1	noTP	0.999999	0.000001	0.000000	
PKK41069.1	mTP	0.228992	0.028334	0.742674	CS pos: 26-27. KRY-VL. Pr: 0.3859
PKK41071.1	noTP	0.844482	0.093551	0.061968	
PKK41072.1	noTP	0.999584	0.000070	0.000347	
PKK41073.1	noTP	0.999299	0.000369	0.000332	
PKK41074.1	noTP	0.804495	0.001513	0.193991	
PKK41075.1	noTP	0.999689	0.000071	0.000240	
PKK41076.1	noTP	0.998139	0.001267	0.000594	
PKK41077.1	noTP	0.999709	0.000097	0.000194	
PKK41079.1	noTP	0.999676	0.000211	0.000113	
PKK41080.1	noTP	0.581830	0.320994	0.097176	
PKK41082.1	noTP	0.694511	0.235570	0.069919	
PKK41083.1	noTP	0.999562	0.000117	0.000321	
PKK41084.1	noTP	0.999956	0.000040	0.000004	
PKK41085.1	noTP	0.994910	0.002609	0.002481	
PKK41086.1	noTP	0.998901	0.000323	0.000777	
PKK41088.1	noTP	0.999975	0.000014	0.000011	
PKK41089.1	noTP	0.999991	0.000008	0.000001	
PKK41090.1	noTP	0.778424	0.219751	0.001825	
PKK41091.1	noTP	0.999999	0.000001	0.000000	
PKK41092.1	noTP	0.995943	0.004047	0.000009	
PKK41093.1	mTP	0.067022	0.000029	0.932949	CS pos: 34-35. RSF-NS. Pr: 0.6335
PKK41094.1	noTP	0.999777	0.000002	0.000221	
PKK41095.1	noTP	0.815075	0.127183	0.057742	
PKK41096.1	noTP	0.999997	0.000001	0.000002	
PKK41098.1	noTP	0.546497	0.448939	0.004565	
PKK41099.1	noTP	0.980072	0.010969	0.008959	
PKK41100.1	noTP	0.993878	0.005203	0.000920	
PKK41102.1	noTP	0.916745	0.082235	0.001020	
PKK41103.1	noTP	0.999964	0.000021	0.000015	
PKK41104.1	noTP	0.673290	0.054946	0.271764	
PKK41105.1	noTP	0.911503	0.088494	0.000004	
PKK41106.1	noTP	0.999909	0.000002	0.000089	
PKK41107.1	noTP	0.995503	0.003997	0.000499	
PKK41108.1	noTP	0.999930	0.000058	0.000012	
PKK41109.1	noTP	0.890699	0.099311	0.009990	
PKK41110.1	noTP	0.999995	0.000002	0.000002	
PKK41112.1	noTP	0.785379	0.065304	0.149316	
PKK41113.1	noTP	0.999879	0.000006	0.000115	
PKK41114.1	noTP	0.999997	0.000002	0.000001	
PKK41115.1	SP	0.006727	0.985985	0.007288	CS pos: 19-20. IKA-QV. Pr: 0.9115
PKK41116.1	SP	0.007126	0.992440	0.000434	CS pos: 18-19. VKA-HG. Pr: 0.6150
PKK41117.1	noTP	0.999998	0.000002	0.000001	
PKK41118.1	noTP	0.999674	0.000197	0.000130	
PKK41119.1	noTP	0.984433	0.002671	0.012896	
PKK41120.1	SP	0.200993	0.796468	0.002539	CS pos: 17-18. TES-NP. Pr: 0.9349
PKK41122.1	noTP	0.999999	0.000000	0.000000	
PKK41123.1	noTP	0.980298	0.004966	0.014736	
PKK41124.1	noTP	0.956885	0.001413	0.041702	
PKK41126.1	noTP	0.999742	0.000222	0.000036	
PKK41127.1	mTP	0.218309	0.001248	0.780442	CS pos: 39-40. ASF-ST. Pr: 0.6130
PKK41128.1	noTP	0.970902	0.006667	0.022431	
PKK41129.1	noTP	0.854992	0.003447	0.141561	
PKK41130.1	noTP	0.952725	0.046574	0.000702	
PKK41131.1	noTP	0.999946	0.000043	0.000011	
PKK41132.1	noTP	0.999159	0.000725	0.000117	
PKK41133.1	SP	0.106164	0.891400	0.002436	CS pos: 18-19. SYG-VV. Pr: 0.6446
PKK41134.1	noTP	0.999569	0.000159	0.000272	
PKK41136.1	noTP	0.999511	0.000213	0.000276	
PKK41137.1	noTP	0.999473	0.000448	0.000079	
PKK41138.1	noTP	0.999748	0.000191	0.000060	
PKK41139.1	mTP	0.002228	0.000009	0.997764	CS pos: 66-67. RPY-SS. Pr: 0.6357
PKK41141.1	SP	0.000397	0.999569	0.000034	CS pos: 18-19. ALG-HG. Pr: 0.7858
PKK41142.1	noTP	0.998352	0.000354	0.001294	
PKK41143.1	noTP	0.998017	0.000282	0.001701	
PKK41144.1	noTP	0.538179	0.004864	0.456957	
PKK41145.1	noTP	0.999986	0.000014	0.000000	
PKK41146.1	noTP	0.975056	0.024613	0.000330	
PKK41147.1	noTP	0.999483	0.000358	0.000159	
PKK41148.1	noTP	0.999998	0.000001	0.000001	
PKK41152.1	SP	0.000091	0.999909	0.000000	CS pos: 16-17. ANA-LC. Pr: 0.8263
PKK41153.1	noTP	0.995353	0.000064	0.004582	
PKK41154.1	noTP	0.809634	0.041084	0.149282	
PKK41155.1	noTP	0.999936	0.000001	0.000064	
PKK41156.1	noTP	0.999923	0.000065	0.000012	
PKK41157.1	noTP	0.872154	0.017901	0.109945	
PKK41159.1	noTP	0.999963	0.000004	0.000033	
PKK41160.1	noTP	0.999851	0.000019	0.000130	
PKK41161.1	noTP	0.999890	0.000061	0.000049	
PKK41162.1	noTP	0.995570	0.003155	0.001275	
PKK41163.1	noTP	0.999776	0.000020	0.000204	
PKK41165.1	noTP	0.943408	0.052115	0.004477	
PKK41166.1	noTP	0.979832	0.009711	0.010457	
PKK41168.1	noTP	0.999911	0.000037	0.000052	
PKK41169.1	noTP	0.999997	0.000002	0.000001	
PKK41170.1	mTP	0.452601	0.004629	0.542770	CS pos: 23-24. YRH-FM. Pr: 0.2463
PKK41172.1	noTP	0.629120	0.370071	0.000808	
PKK41173.1	SP	0.133444	0.469525	0.397030	CS pos: 22-23. APC-SR. Pr: 0.5675
PKK41174.1	noTP	0.999998	0.000002	0.000000	
PKK41175.1	noTP	0.997022	0.000055	0.002923	
PKK41178.1	noTP	0.972296	0.007835	0.019869	
PKK41179.1	noTP	0.998178	0.000677	0.001145	
PKK41180.1	noTP	0.999270	0.000296	0.000435	
PKK41181.1	noTP	0.831670	0.001332	0.166999	
PKK41182.1	noTP	0.995365	0.004506	0.000129	
PKK41184.1	noTP	0.973945	0.010018	0.016036	
PKK41185.1	noTP	0.891644	0.000086	0.108270	
PKK41186.1	noTP	0.999562	0.000349	0.000089	
PKK41187.1	SP	0.041629	0.958332	0.000039	CS pos: 42-43. AAA-VL. Pr: 0.8228
PKK41188.1	noTP	0.999946	0.000008	0.000046	
PKK41189.1	noTP	0.999997	0.000001	0.000002	
PKK41191.1	noTP	0.999922	0.000032	0.000045	
PKK41192.1	noTP	0.854581	0.141198	0.004221	
PKK41193.1	noTP	0.914645	0.082293	0.003062	
PKK41194.1	noTP	0.999912	0.000070	0.000018	
PKK41195.1	noTP	0.997762	0.000611	0.001628	
PKK41196.1	noTP	0.994543	0.002132	0.003325	
PKK41198.1	noTP	0.908785	0.019780	0.071435	
PKK41199.1	noTP	0.971576	0.022094	0.006330	
PKK41200.1	noTP	0.991459	0.008541	0.000000	
PKK41201.1	noTP	0.985624	0.001527	0.012849	
PKK41203.1	noTP	0.999575	0.000014	0.000411	
PKK41204.1	noTP	0.998237	0.001762	0.000001	
PKK41205.1	noTP	0.996641	0.000420	0.002939	
PKK41206.1	noTP	1.000000	0.000000	0.000000	
PKK41207.1	noTP	0.999942	0.000033	0.000025	
PKK41208.1	noTP	0.999921	0.000028	0.000051	
PKK41209.1	noTP	0.999979	0.000018	0.000003	
PKK41210.1	noTP	0.999637	0.000341	0.000023	
PKK41211.1	SP	0.000000	1.000000	0.000000	CS pos: 19-20. VAA-DI. Pr: 0.9460
PKK41212.1	noTP	0.999767	0.000013	0.000220	
PKK41213.1	noTP	0.996500	0.000637	0.002864	
PKK41215.1	noTP	0.999917	0.000034	0.000049	
PKK41216.1	noTP	0.991990	0.000525	0.007485	
PKK41217.1	SP	0.017146	0.981797	0.001058	CS pos: 20-21. IRS-AL. Pr: 0.4737
PKK41218.1	noTP	0.999941	0.000046	0.000013	
PKK41219.1	noTP	0.999273	0.000606	0.000122	
PKK41221.1	noTP	0.736158	0.251719	0.012122	
PKK41222.1	mTP	0.312397	0.004840	0.682763	CS pos: 31-32. QHY-ST. Pr: 0.6272
PKK41223.1	noTP	0.998636	0.001037	0.000327	
PKK41224.1	noTP	0.999999	0.000000	0.000000	
PKK41225.1	noTP	0.999994	0.000006	0.000000	
PKK41228.1	noTP	0.999906	0.000000	0.000094	
PKK41229.1	mTP	0.000309	0.000055	0.999636	CS pos: 29-30. RGF-AS. Pr: 0.8724
PKK41230.1	SP	0.183855	0.739296	0.076849	CS pos: 20-21. VFS-GT. Pr: 0.3600
PKK41231.1	noTP	0.999830	0.000031	0.000139	
PKK41232.1	noTP	0.990927	0.002048	0.007025	
PKK41233.1	noTP	0.999908	0.000048	0.000044	
PKK41234.1	noTP	0.999833	0.000135	0.000033	
PKK41235.1	noTP	0.603921	0.393918	0.002161	
PKK41236.1	noTP	0.970235	0.022537	0.007228	
PKK41237.1	SP	0.387803	0.612068	0.000128	CS pos: 26-27. CIP-SV. Pr: 0.5625
PKK41238.1	noTP	0.998451	0.001107	0.000442	
PKK41239.1	noTP	0.999992	0.000008	0.000001	
PKK41240.1	noTP	0.987154	0.000235	0.012611	
PKK41241.1	noTP	0.989100	0.001778	0.009122	
PKK41243.1	mTP	0.003567	0.000004	0.996429	CS pos: 38-39. RFY-SE. Pr: 0.8299
PKK41244.1	noTP	0.999306	0.000196	0.000498	
PKK41245.1	noTP	0.999865	0.000134	0.000001	
PKK41246.1	noTP	0.999769	0.000206	0.000025	
PKK41248.1	SP	0.000003	0.999993	0.000004	CS pos: 15-16. ASA-LP. Pr: 0.4810
PKK41249.1	noTP	0.999965	0.000027	0.000008	
PKK41250.1	noTP	0.999838	0.000160	0.000002	
PKK41251.1	SP	0.000221	0.992187	0.007592	CS pos: 18-19. AAA-AP. Pr: 0.6134
PKK41252.1	noTP	0.792989	0.002529	0.204482	
PKK41253.1	noTP	0.999977	0.000004	0.000018	
PKK41254.1	mTP	0.113838	0.000072	0.886091	CS pos: 24-25. RRY-SV. Pr: 0.6359
PKK41255.1	noTP	0.999520	0.000001	0.000479	
PKK41256.1	SP	0.192151	0.432736	0.375113	CS pos: 16-17. AFA-VV. Pr: 0.4656
PKK41257.1	noTP	0.999593	0.000130	0.000277	
PKK41258.1	noTP	0.721821	0.017106	0.261074	
PKK41259.1	noTP	0.876002	0.000479	0.123519	
PKK41260.1	noTP	0.954468	0.000580	0.044953	
PKK41261.1	noTP	0.965009	0.034345	0.000646	
PKK41262.1	noTP	0.999915	0.000065	0.000020	
PKK41263.1	noTP	0.999991	0.000006	0.000003	
PKK41264.1	noTP	0.999782	0.000164	0.000054	
PKK41265.1	noTP	0.997878	0.000226	0.001896	
PKK41266.1	noTP	0.834173	0.001598	0.164229	
PKK41267.1	noTP	0.993745	0.000461	0.005794	
PKK41268.1	SP	0.000132	0.996649	0.003218	CS pos: 18-19. AHA-HS. Pr: 0.5240
PKK41269.1	noTP	0.998247	0.000244	0.001509	
PKK41272.1	noTP	0.999960	0.000028	0.000012	
PKK41273.1	noTP	0.999507	0.000071	0.000422	
PKK41274.1	noTP	0.999984	0.000009	0.000007	
PKK41275.1	noTP	0.713548	0.283577	0.002875	
PKK41276.1	SP	0.000293	0.999501	0.000207	CS pos: 18-19. AIA-AP. Pr: 0.8867
PKK41277.1	noTP	0.946827	0.045950	0.007223	
PKK41278.1	noTP	0.999936	0.000012	0.000052	
PKK41280.1	noTP	0.999528	0.000084	0.000388	
PKK41281.1	noTP	0.856945	0.044882	0.098173	
PKK41282.1	noTP	0.968515	0.010794	0.020691	
PKK41283.1	noTP	0.999814	0.000105	0.000080	
PKK41285.1	noTP	0.999894	0.000011	0.000095	
PKK41286.1	noTP	0.999988	0.000009	0.000003	
PKK41287.1	noTP	0.985560	0.000193	0.014247	
PKK41288.1	noTP	0.893902	0.028191	0.077907	
PKK41289.1	noTP	0.999759	0.000135	0.000106	
PKK41290.1	noTP	0.997702	0.000184	0.002114	
PKK41291.1	noTP	0.993249	0.005217	0.001534	
PKK41292.1	noTP	0.994038	0.004915	0.001047	
PKK41294.1	noTP	0.870447	0.128317	0.001236	
PKK41296.1	noTP	0.999940	0.000056	0.000004	
PKK41297.1	noTP	0.947768	0.000669	0.051563	
PKK41298.1	noTP	0.999604	0.000008	0.000389	
PKK41299.1	noTP	0.994827	0.004861	0.000312	
PKK41301.1	noTP	0.996806	0.000100	0.003094	
PKK41302.1	noTP	0.999810	0.000002	0.000188	
PKK41303.1	noTP	0.999982	0.000001	0.000017	
PKK41304.1	noTP	0.997410	0.000278	0.002312	
PKK41307.1	noTP	0.999933	0.000000	0.000067	
PKK41308.1	noTP	0.943277	0.009873	0.046850	
PKK41309.1	noTP	0.999025	0.000814	0.000161	
PKK41310.1	noTP	0.999613	0.000151	0.000236	
PKK41311.1	noTP	0.999925	0.000014	0.000061	
PKK41312.1	SP	0.000019	0.999981	0.000000	CS pos: 18-19. IYA-DD. Pr: 0.9681
PKK41313.1	noTP	0.999500	0.000468	0.000032	
PKK41315.1	noTP	0.999882	0.000023	0.000094	
PKK41316.1	SP	0.001402	0.997538	0.001061	CS pos: 25-26. TVA-TE. Pr: 0.4873
PKK41319.1	noTP	0.564844	0.097637	0.337519	
PKK41320.1	noTP	0.999981	0.000012	0.000008	
PKK41321.1	noTP	0.999766	0.000049	0.000185	
PKK41323.1	SP	0.000005	0.999994	0.000000	CS pos: 19-20. VTA-FP. Pr: 0.9048
PKK41325.1	noTP	0.997202	0.001717	0.001081	
PKK41326.1	noTP	0.508850	0.182960	0.308190	
PKK41327.1	noTP	0.998471	0.000792	0.000737	
PKK41328.1	noTP	0.999522	0.000060	0.000419	
PKK41330.1	noTP	0.999352	0.000307	0.000341	
PKK41331.1	noTP	0.999881	0.000000	0.000119	
PKK41332.1	noTP	0.579680	0.386506	0.033814	
PKK41334.1	noTP	0.999619	0.000019	0.000361	
PKK41335.1	noTP	0.999732	0.000262	0.000006	
PKK41336.1	noTP	0.998992	0.000987	0.000021	
PKK41337.1	noTP	0.999698	0.000032	0.000270	
PKK41338.1	noTP	0.999993	0.000006	0.000001	
PKK41339.1	noTP	0.999866	0.000086	0.000048	
PKK41340.1	mTP	0.142728	0.002522	0.854750	CS pos: 23-24. SRA-SI. Pr: 0.2097
PKK41341.1	noTP	0.999946	0.000035	0.000020	
PKK41342.1	noTP	0.997945	0.000348	0.001706	
PKK41343.1	noTP	0.999117	0.000692	0.000192	
PKK41344.1	noTP	0.999010	0.000691	0.000299	
PKK41345.1	noTP	0.999956	0.000028	0.000016	
PKK41346.1	noTP	0.996003	0.003396	0.000601	
PKK41348.1	noTP	0.999881	0.000020	0.000098	
PKK41349.1	noTP	0.967846	0.000655	0.031499	
PKK41350.1	noTP	0.999564	0.000159	0.000278	
PKK41351.1	noTP	0.995950	0.000755	0.003295	
PKK41352.1	SP	0.438948	0.552080	0.008972	CS pos: 20-21. GKS-LI. Pr: 0.3154
PKK41353.1	noTP	0.988310	0.004443	0.007247	
PKK41354.1	noTP	0.990602	0.003951	0.005446	
PKK41355.1	noTP	0.971486	0.001958	0.026556	
PKK41357.1	noTP	0.616957	0.356540	0.026503	
PKK41358.1	noTP	0.996656	0.000563	0.002781	
PKK41360.1	noTP	0.999930	0.000045	0.000025	
PKK41361.1	noTP	0.999933	0.000010	0.000057	
PKK41362.1	noTP	0.999803	0.000036	0.000161	
PKK41363.1	noTP	0.999733	0.000255	0.000013	
PKK41364.1	SP	0.331566	0.667059	0.001375	CS pos: 19-20. TNC-RW. Pr: 0.7746
PKK41365.1	noTP	0.857478	0.001762	0.140760	
PKK41366.1	noTP	0.714127	0.255741	0.030132	
PKK41367.1	noTP	0.999699	0.000238	0.000063	
PKK41368.1	noTP	0.993625	0.003471	0.002904	
PKK41369.1	noTP	0.999539	0.000258	0.000203	
PKK41370.1	noTP	0.994465	0.000519	0.005016	
PKK41371.1	noTP	0.999996	0.000000	0.000004	
PKK41372.1	noTP	0.999921	0.000000	0.000079	
PKK41374.1	noTP	0.834829	0.027193	0.137978	
PKK41375.1	noTP	0.999990	0.000000	0.000010	
PKK41376.1	noTP	0.924601	0.035595	0.039804	
PKK41377.1	noTP	0.999964	0.000034	0.000002	
PKK41378.1	noTP	0.999975	0.000007	0.000018	
PKK41379.1	noTP	0.998920	0.000966	0.000114	
PKK41380.1	noTP	0.999999	0.000001	0.000000	
PKK41381.1	mTP	0.225866	0.002959	0.771176	CS pos: 61-62. RRY-ND. Pr: 0.2577
PKK41382.1	noTP	0.911327	0.000170	0.088503	
PKK41384.1	noTP	0.518235	0.447922	0.033842	
PKK41385.1	noTP	0.999621	0.000039	0.000340	
PKK41386.1	noTP	0.999970	0.000013	0.000017	
PKK41387.1	noTP	0.993557	0.000338	0.006104	
PKK41388.1	noTP	0.998796	0.000539	0.000665	
PKK41389.1	noTP	0.999951	0.000047	0.000002	
PKK41390.1	noTP	0.996753	0.003231	0.000015	
PKK41391.1	noTP	0.999945	0.000035	0.000020	
PKK41392.1	noTP	0.999979	0.000002	0.000018	
PKK41393.1	noTP	0.990321	0.005170	0.004510	
PKK41394.1	noTP	0.468457	0.209622	0.321921	
PKK41395.1	noTP	0.999997	0.000002	0.000001	
PKK41396.1	noTP	0.850997	0.148019	0.000984	
PKK41397.1	SP	0.050767	0.942779	0.006453	CS pos: 18-19. LNS-FP. Pr: 0.2685
PKK41398.1	noTP	0.999998	0.000000	0.000001	
PKK41399.1	mTP	0.367796	0.001589	0.630615	CS pos: 34-35. LAQ-SS. Pr: 0.3637
PKK41400.1	noTP	0.999870	0.000046	0.000084	
PKK41401.1	noTP	0.999974	0.000002	0.000024	
PKK41402.1	noTP	0.993261	0.001096	0.005644	
PKK41403.1	noTP	0.545878	0.000680	0.453443	
PKK41404.1	noTP	0.992652	0.004783	0.002566	
PKK41405.1	noTP	0.794126	0.175559	0.030315	
PKK41406.1	noTP	0.999982	0.000001	0.000018	
PKK41407.1	SP	0.030812	0.904136	0.065052	CS pos: 19-20. VVA-LD. Pr: 0.4911
PKK41409.1	noTP	0.888373	0.017701	0.093926	
PKK41410.1	noTP	0.998739	0.000166	0.001096	
PKK41411.1	noTP	0.999728	0.000060	0.000213	
PKK41412.1	noTP	0.988720	0.000343	0.010936	
PKK41413.1	noTP	0.997608	0.002252	0.000140	
PKK41414.1	noTP	0.721690	0.111797	0.166514	
PKK41415.1	noTP	0.999900	0.000098	0.000002	
PKK41416.1	noTP	0.999840	0.000111	0.000049	
PKK41417.1	noTP	0.988748	0.000164	0.011089	
PKK41418.1	noTP	0.781330	0.073353	0.145317	
PKK41419.1	noTP	0.999765	0.000202	0.000033	
PKK41420.1	noTP	0.722113	0.276887	0.001001	
PKK41421.1	noTP	0.999714	0.000124	0.000162	
PKK41422.1	noTP	0.999421	0.000331	0.000249	
PKK41423.1	noTP	0.617730	0.375581	0.006689	
PKK41424.1	noTP	0.693438	0.304513	0.002050	
PKK41425.1	noTP	0.787525	0.206216	0.006260	
PKK41426.1	SP	0.020192	0.922301	0.057507	CS pos: 19-20. GKA-WQ. Pr: 0.6675
PKK41427.1	SP	0.000890	0.998447	0.000664	CS pos: 19-20. AAA-NL. Pr: 0.7219
PKK41428.1	noTP	0.999944	0.000029	0.000028	
PKK41429.1	noTP	0.794678	0.202405	0.002917	
PKK41431.1	noTP	0.999521	0.000189	0.000289	
PKK41433.1	noTP	0.999902	0.000004	0.000094	
PKK41434.1	noTP	0.998954	0.000569	0.000477	
PKK41435.1	noTP	0.999781	0.000004	0.000215	
PKK41436.1	noTP	0.999990	0.000009	0.000001	
PKK41437.1	noTP	0.999919	0.000074	0.000007	
PKK41439.1	noTP	0.999064	0.000894	0.000042	
PKK41440.1	noTP	0.999745	0.000175	0.000080	
PKK41441.1	mTP	0.011170	0.000029	0.988801	CS pos: 65-66. RKY-SS. Pr: 0.5503
PKK41442.1	noTP	0.996748	0.003180	0.000072	
PKK41443.1	noTP	0.998879	0.000005	0.001116	
PKK41444.1	noTP	0.969785	0.007370	0.022846	
PKK41445.1	noTP	0.789158	0.209372	0.001469	
PKK41446.1	noTP	0.999997	0.000000	0.000002	
PKK41447.1	noTP	0.991452	0.008252	0.000296	
PKK41448.1	noTP	0.936893	0.058317	0.004790	
PKK41449.1	noTP	0.999999	0.000000	0.000001	
PKK41450.1	noTP	0.940974	0.046741	0.012285	
PKK41451.1	noTP	0.963083	0.012788	0.024129	
PKK41452.1	noTP	0.999904	0.000081	0.000015	
PKK41453.1	noTP	0.999135	0.000316	0.000549	
PKK41454.1	noTP	0.999707	0.000273	0.000020	
PKK41455.1	noTP	0.995838	0.004009	0.000153	
PKK41457.1	noTP	0.999473	0.000102	0.000425	
PKK41458.1	noTP	0.999989	0.000008	0.000003	
PKK41459.1	noTP	0.999979	0.000002	0.000019	
PKK41460.1	noTP	0.999832	0.000071	0.000097	
PKK41461.1	noTP	0.999992	0.000006	0.000002	
PKK41462.1	noTP	0.998754	0.000458	0.000787	
PKK41463.1	noTP	0.999800	0.000178	0.000022	
PKK41464.1	SP	0.000263	0.999708	0.000028	CS pos: 22-23. GAC-AA. Pr: 0.3474
PKK41465.1	SP	0.020719	0.970948	0.008334	CS pos: 20-21. VVA-LE. Pr: 0.9052
PKK41467.1	noTP	0.999532	0.000041	0.000427	
PKK41468.1	noTP	0.956134	0.000786	0.043080	
PKK41469.1	noTP	0.999855	0.000132	0.000013	
PKK41471.1	noTP	0.696749	0.000245	0.303006	
PKK41473.1	noTP	0.999931	0.000041	0.000029	
PKK41474.1	noTP	0.601170	0.002991	0.395839	
PKK41475.1	noTP	0.920919	0.076464	0.002616	
PKK41476.1	noTP	0.998189	0.000649	0.001162	
PKK41477.1	noTP	0.999192	0.000098	0.000710	
PKK41478.1	SP	0.036840	0.953776	0.009384	CS pos: 24-25. SQG-DV. Pr: 0.7344
PKK41481.1	noTP	0.999983	0.000013	0.000004	
PKK41482.1	noTP	0.928646	0.007854	0.063501	
PKK41483.1	noTP	0.999944	0.000012	0.000044	
PKK41484.1	noTP	0.999987	0.000002	0.000011	
PKK41485.1	noTP	0.999988	0.000002	0.000010	
PKK41486.1	noTP	0.999690	0.000231	0.000078	
PKK41487.1	noTP	0.999889	0.000010	0.000101	
PKK41488.1	noTP	0.999299	0.000445	0.000257	
PKK41489.1	noTP	0.996967	0.002607	0.000426	
PKK41491.1	noTP	0.768723	0.001265	0.230011	
PKK41492.1	noTP	0.999962	0.000034	0.000004	
PKK41493.1	noTP	0.999964	0.000033	0.000003	
PKK41494.1	noTP	0.531982	0.169825	0.298192	
PKK41495.1	noTP	0.999785	0.000047	0.000168	
PKK41498.1	noTP	0.997496	0.000010	0.002494	
PKK41499.1	noTP	0.999991	0.000000	0.000009	
PKK41500.1	noTP	0.999900	0.000091	0.000008	
PKK41501.1	noTP	0.999996	0.000002	0.000002	
PKK41502.1	noTP	0.999989	0.000010	0.000000	
PKK41503.1	noTP	0.999778	0.000163	0.000058	
PKK41504.1	noTP	0.999953	0.000035	0.000012	
PKK41505.1	noTP	0.999972	0.000008	0.000020	
PKK41506.1	noTP	0.999919	0.000080	0.000000	
PKK41507.1	noTP	0.868100	0.120479	0.011421	
PKK41508.1	noTP	0.999560	0.000370	0.000070	
PKK41509.1	noTP	0.950453	0.000886	0.048661	
PKK41510.1	SP	0.109248	0.867345	0.023407	CS pos: 23-24. VSS-TR. Pr: 0.5614
PKK41511.1	noTP	0.999279	0.000115	0.000606	
PKK41512.1	SP	0.083287	0.912836	0.003877	CS pos: 19-20. FDT-QA. Pr: 0.4325
PKK41513.1	noTP	0.999844	0.000023	0.000133	
PKK41514.1	noTP	0.982052	0.006683	0.011266	
PKK41516.1	noTP	0.999998	0.000001	0.000001	
PKK41517.1	noTP	0.997549	0.001305	0.001145	
PKK41518.1	noTP	0.835329	0.001138	0.163533	
PKK41519.1	noTP	0.999930	0.000051	0.000019	
PKK41521.1	noTP	0.993706	0.000007	0.006287	
PKK41522.1	noTP	0.981544	0.001610	0.016845	
PKK41523.1	mTP	0.244341	0.232235	0.523424	CS pos: 68-69. KAY-GD. Pr: 0.2180
PKK41524.1	noTP	0.999998	0.000000	0.000002	
PKK41525.1	noTP	0.998379	0.000069	0.001552	
PKK41526.1	noTP	0.989546	0.001079	0.009375	
PKK41527.1	noTP	0.973948	0.014258	0.011795	
PKK41529.1	noTP	0.999646	0.000121	0.000233	
PKK41530.1	noTP	0.999906	0.000084	0.000010	
PKK41531.1	noTP	0.999227	0.000099	0.000674	
PKK41532.1	noTP	0.997947	0.002025	0.000028	
PKK41533.1	noTP	0.999876	0.000031	0.000093	
PKK41534.1	noTP	0.998027	0.000839	0.001134	
PKK41535.1	SP	0.061498	0.925933	0.012569	CS pos: 23-24. GFA-VE. Pr: 0.5964
PKK41536.1	noTP	1.000000	0.000000	0.000000	
PKK41537.1	noTP	0.999917	0.000020	0.000063	
PKK41538.1	noTP	0.993663	0.000015	0.006323	
PKK41539.1	noTP	0.997126	0.002682	0.000192	
PKK41540.1	noTP	0.999988	0.000007	0.000005	
PKK41541.1	noTP	0.999987	0.000013	0.000000	
PKK41542.1	noTP	0.999992	0.000006	0.000002	
PKK41543.1	noTP	0.999584	0.000398	0.000017	
PKK41544.1	noTP	0.954602	0.000189	0.045209	
PKK41545.1	noTP	0.979360	0.010938	0.009702	
PKK41546.1	SP	0.003713	0.988831	0.007456	CS pos: 18-19. ATA-TS. Pr: 0.7933
PKK41547.1	noTP	0.999987	0.000000	0.000013	
PKK41548.1	noTP	0.998813	0.000346	0.000841	
PKK41549.1	noTP	0.999910	0.000035	0.000055	
PKK41550.1	SP	0.000001	0.999999	0.000000	CS pos: 18-19. AFA-TH. Pr: 0.8837
PKK41552.1	SP	0.000804	0.999042	0.000154	CS pos: 20-21. VNA-AA. Pr: 0.6300
PKK41553.1	SP	0.013680	0.985712	0.000608	CS pos: 19-20. VYA-AS. Pr: 0.7859
PKK41554.1	noTP	0.999915	0.000003	0.000082	
PKK41555.1	noTP	0.999411	0.000078	0.000511	
PKK41556.1	noTP	0.999912	0.000065	0.000023	
PKK41557.1	noTP	0.941513	0.046898	0.011589	
PKK41558.1	noTP	0.999940	0.000001	0.000059	
PKK41559.1	noTP	0.999478	0.000366	0.000156	
PKK41560.1	noTP	0.999967	0.000022	0.000011	
PKK41561.1	noTP	0.833066	0.151842	0.015092	
PKK41562.1	noTP	0.991264	0.008035	0.000701	
PKK41563.1	noTP	0.920680	0.000867	0.078453	
PKK41565.1	noTP	0.997658	0.000251	0.002091	
PKK41566.1	noTP	0.999985	0.000012	0.000002	
PKK41567.1	noTP	0.999960	0.000032	0.000008	
PKK41568.1	noTP	0.998904	0.000011	0.001085	
PKK41570.1	noTP	0.999994	0.000002	0.000004	
PKK41571.1	noTP	0.999737	0.000001	0.000262	
PKK41572.1	noTP	0.983521	0.010301	0.006178	
PKK41573.1	noTP	0.999377	0.000350	0.000274	
PKK41574.1	noTP	0.996383	0.000969	0.002648	
PKK41575.1	noTP	0.999999	0.000000	0.000000	
PKK41576.1	mTP	0.384848	0.008929	0.606223	CS pos: 42-43. RAY-SQ. Pr: 0.5321
PKK41577.1	noTP	0.999939	0.000058	0.000003	
PKK41579.1	noTP	0.999731	0.000160	0.000110	
PKK41580.1	noTP	0.999905	0.000068	0.000028	
