genomes_keep <- c("GCA_004303015.1",
                  "ICBG1054",
                  "ICBG1065",
                  "ICBG1075",
                  "ICBG1096",
                  "ICBG2046",
                  "ICBG2047",
                  "ICBG2048",
                  "ICBG2049",
                  "ICBG710",
                  "ICBG712",
                  "ICBG721",
                  "ICBG726",
                  "ICBG730",
                  "ICBG731",
                  "ICBG733",
                  "ICBG736",
                  "ICBG742",
                  "ICBG751",
                  "LGSR00000000",
                  "NIGB00000000",
                  "NIGC00000000",
                  "NIGD00000000",
                  "NQYQ00000000",
                  "NQYR00000000",
                  "NQYS00000000",
                  "GCA_003012105.1",
                  "GCA_000170995.1",
                  "GCA_001481775.1",
                  "GCA_008477525.1",
                  "GCA_011799845.1"
)



genomes_metadata <- c(

'GCA_004303015.1',
'LGSR00000000',
'ICBG721',
'ICBG2046',
'ICBG730',
'ICBG2048',
'NQYS00000000',
'ICBG2049',
'ICBG742',
'ICBG2047',
'ICBG736',
'NQYR00000000',
'NIGC00000000',
'NQYQ00000000',
'ICBG712',
'ICBG731',
'NIGB00000000',
'ICBG1065',
'ICBG710',
'ICBG1096',
'ICBG751',
'ICBG1054',
'ICBG733',
'ICBG726',
'ICBG1075',
'NIGD00000000',
'GCA_008477525.1',
'GCA_011799845.1',
'GCA_003025105.1',
'GCA_000171015.2',
'GCA_000170995.2',
'GCA_003025115.1',
'GCA_001050175.1',
'GCA_002022785.1',
'GCA_003012105.1',
'GCA_000331835.2',
'GCA_002246955.1',
'GCA_000332775.1',
'GCA_001950475.1',
'GCA_002006585.1',
'GCA_007896495.1',
'GCA_001721665.1',
'GCA_003439915.1',
'GCA_001931985.1',
'GCA_001481775.2'
)












